Player_Name,Span,Matches,Field_Inns,Dismissals,Ct,St,Ct_Wk,Ct_Fi,Country
AC Gilchrist,1999-2008,96,191,416,379,37,379,0,Australia
IA Healy,1988-1999,119,224,395,366,29,366,0,Australia
RW Marsh,1970-1984,96,182,355,343,12,343,0,Australia
BJ Haddin,2008-2014,57,110,233,228,5,228,0,Australia
RT Ponting,1995-2012,168,328,196,196,0,0,196,Australia
ATW Grout,1957-1966,51,98,187,163,24,163,0,Australia
ME Waugh,1991-2002,128,245,181,181,0,0,181,Australia
MA Taylor,1989-1999,104,197,157,157,0,0,157,Australia
AR Border,1978-1994,156,277,156,156,0,0,156,Australia
WAS Oldfield,1920-1937,54,101,130,78,52,78,0,Australia
ML Hayden,1994-2009,103,205,128,128,0,0,128,Australia
MJ Clarke,2004-2014,105,204,125,125,0,0,125,Australia
SK Warne,1992-2007,145,281,125,125,0,0,125,Australia
GS Chappell,1970-1984,87,165,122,122,0,0,122,Australia
SR Waugh,1985-2004,168,318,112,112,0,0,112,Australia
RB Simpson,1957-1978,62,117,110,110,0,0,110,Australia
IM Chappell,1964-1980,75,144,105,105,0,0,105,Australia
DC Boon,1984-1996,107,195,99,99,0,0,99,Australia
GRA Langley,1951-1956,26,51,98,83,15,83,0,Australia
MEK Hussey,2005-2013,79,153,85,85,0,0,85,Australia
IR Redpath,1964-1976,66,123,83,83,0,0,83,Australia
JL Langer,1993-2007,105,206,73,73,0,0,73,Australia
R Benaud,1952-1964,63,122,65,65,0,0,65,Australia
H Carter,1907-1921,28,55,65,44,21,44,0,Australia
RN Harvey,1948-1963,79,152,64,64,0,0,64,Australia
JJ Kelly,1896-1905,36,67,63,43,20,43,0,Australia
JM Blackham,1877-1894,35,62,61,37,24,35,2,Australia
HB Taber,1966-1970,16,30,60,56,4,56,0,Australia
D Tallon,1946-1953,21,42,58,50,8,50,0,Australia
BN Jarman,1959-1969,19,36,54,50,4,50,0,Australia
WB Phillips,1983-1986,27,43,52,52,0,43,9,Australia
KJ Hughes,1977-1984,70,126,50,50,0,0,50,Australia
SJ Rixon,1977-1985,13,24,47,42,5,42,0,Australia
KR Stackpole,1966-1974,43,83,47,47,0,0,47,Australia
GS Blewett,1995-2000,46,90,45,45,0,0,45,Australia
H Trumble,1890-1904,32,61,45,45,0,0,45,Australia
WW Armstrong,1902-1921,50,96,44,44,0,0,44,Australia
KD Walters,1965-1981,74,142,43,43,0,0,43,Australia
AK Davidson,1953-1963,44,85,42,42,0,0,42,Australia
SJ McCabe,1930-1938,39,73,41,41,0,0,41,Australia
GM Wood,1978-1988,59,108,41,41,0,0,41,Australia
SM Katich,2001-2010,56,109,39,39,0,0,39,Australia
GD McGrath,1993-2007,124,244,38,38,0,0,38,Australia
GR Marsh,1985-1992,50,89,38,38,0,0,38,Australia
KR Miller,1946-1956,55,105,38,38,0,0,38,Australia
JM Gregory,1920-1928,24,44,37,37,0,0,37,Australia
DR Martyn,1992-2006,67,130,36,36,0,0,36,Australia
MS Wade,2012-2013,12,23,36,33,3,33,0,Australia
SR Watson,2005-2014,52,99,35,35,0,0,35,Australia
KJ Wright,1979-1979,10,16,35,31,4,31,0,Australia
DM Jones,1984-1992,52,91,34,34,0,0,34,Australia
GD McKenzie,1961-1971,60,113,34,34,0,0,34,Australia
C Hill,1896-1912,49,93,33,33,0,0,33,Australia
MJ Slater,1993-2001,74,143,33,33,0,0,33,Australia
DG Bradman,1928-1948,52,99,32,32,0,0,32,Australia
VT Trumper,1899-1912,48,90,31,31,0,0,31,Australia
B Yardley,1978-1983,33,62,31,31,0,0,31,Australia
AL Hassett,1938-1953,43,82,30,30,0,0,30,Australia
IWG Johnson,1946-1956,45,86,30,30,0,0,30,Australia
WM Lawry,1961-1971,67,127,30,30,0,0,30,Australia
AA Mallett,1968-1980,38,73,30,30,0,0,30,Australia
TM Alderman,1981-1991,41,75,27,27,0,0,27,Australia
J Darling,1894-1905,34,63,27,27,0,0,27,Australia
JN Gillespie,1996-2006,71,141,27,27,0,0,27,Australia
RR Lindwall,1946-1960,61,117,26,26,0,0,26,Australia
MA Noble,1898-1909,42,79,26,26,0,0,26,Australia
SE Gregory,1890-1912,58,107,25,25,0,0,25,Australia
EJM Cowan,2011-2013,18,35,24,24,0,0,24,Australia
GC Dyer,1986-1988,6,11,24,22,2,22,0,Australia
G Giffen,1881-1896,31,55,24,24,0,0,24,Australia
C Kelleway,1910-1928,26,47,24,24,0,0,24,Australia
VY Richardson,1924-1936,19,37,24,24,0,0,24,Australia
RA Saggers,1948-1950,6,11,24,16,8,16,0,Australia
DA Warner,2011-2014,30,59,24,24,0,0,24,Australia
PJP Burge,1955-1966,42,78,23,23,0,0,23,Australia
MG Hughes,1985-1994,53,97,23,23,0,0,23,Australia
B Lee,1999-2008,76,151,23,23,0,0,23,Australia
DK Lillee,1971-1984,70,133,23,23,0,0,23,Australia
GN Yallop,1976-1984,39,69,23,23,0,0,23,Australia
MG Johnson,2007-2014,59,114,22,22,0,0,22,Australia
A Symonds,2004-2008,26,52,22,22,0,0,22,Australia
AC Bannerman,1879-1893,28,49,21,21,0,0,21,Australia
RM Cowper,1964-1968,27,50,21,21,0,0,21,Australia
GB Hole,1951-1955,18,35,21,21,0,0,21,Australia
E Jones,1894-1902,19,34,21,21,0,0,21,Australia
RB McCosker,1975-1980,25,47,21,21,0,0,21,Australia
NC O'Neill,1958-1965,42,82,21,21,0,0,21,Australia
WH Ponsford,1924-1934,29,55,21,21,0,0,21,Australia
GHS Trott,1888-1898,24,44,21,21,0,0,21,Australia
RG Archer,1953-1956,19,35,20,20,0,0,20,Australia
LV Maddocks,1954-1956,7,11,20,19,1,19,0,Australia
JR Thomson,1972-1985,51,94,20,20,0,0,20,Australia
CJ McDermott,1984-1996,71,126,19,19,0,0,19,Australia
TJ Zoehrer,1986-1987,10,16,19,18,1,18,0,Australia
JW Burke,1951-1959,24,45,18,18,0,0,18,Australia
AH Jarvis,1885-1895,11,19,18,9,9,8,1,Australia
JA Maclean,1978-1979,4,8,18,18,0,18,0,Australia
KC Wessels,1982-1985,24,41,18,18,0,0,18,Australia
BC Booth,1961-1966,29,54,17,17,0,0,17,Australia
AN Connolly,1963-1971,29,55,17,17,0,0,17,Australia
JW Gleeson,1967-1972,29,56,17,17,0,0,17,Australia
CV Grimmett,1925-1936,37,71,17,17,0,0,17,Australia
CG Macartney,1907-1926,35,64,17,17,0,0,17,Australia
GRJ Matthews,1983-1993,33,56,17,17,0,0,17,Australia
MJ North,2009-2010,21,40,17,17,0,0,17,Australia
TD Paine,2010-2010,4,8,17,16,1,16,0,Australia
J Ryder,1920-1929,20,36,17,17,0,0,17,Australia
AP Sheahan,1967-1974,31,60,17,17,0,0,17,Australia
AJ Bichel,1997-2003,19,38,16,16,0,0,16,Australia
GJ Bonnor,1880-1888,17,29,16,16,0,0,16,Australia
FA Iredale,1894-1899,14,27,16,16,0,0,16,Australia
WA Johnston,1947-1955,40,79,16,16,0,0,16,Australia
MS Kasprowicz,1996-2006,38,75,16,16,0,0,16,Australia
BM Laird,1979-1982,21,37,16,16,0,0,16,Australia
SCG MacGill,1998-2008,44,87,16,16,0,0,16,Australia
KD Mackay,1956-1963,37,71,16,16,0,0,16,Australia
PM Siddle,2008-2014,53,100,16,16,0,0,16,Australia
SPD Smith,2010-2014,20,38,16,16,0,0,16,Australia
AG Chipperfield,1934-1938,14,26,15,15,0,0,15,Australia
AG Fairfax,1929-1931,10,19,15,15,0,0,15,Australia
PJ Hughes,2009-2013,26,48,15,15,0,0,15,Australia
AR Morris,1946-1955,46,90,15,15,0,0,15,Australia
KJ O'Keeffe,1971-1977,24,47,15,15,0,0,15,Australia
PR Reiffel,1992-1998,35,68,15,15,0,0,15,Australia
A Turner,1975-1977,14,27,15,15,0,0,15,Australia
SG Barnes,1938-1948,13,25,14,14,0,0,14,Australia
WA Brown,1934-1948,22,41,14,14,0,0,14,Australia
GJ Cosier,1975-1978,18,34,14,14,0,0,14,Australia
RA Duff,1902-1905,22,41,14,14,0,0,14,Australia
MTG Elliott,1996-2004,21,42,14,14,0,0,14,Australia
NM Lyon,2011-2014,33,66,14,14,0,0,14,Australia
CL McCool,1946-1950,14,27,14,14,0,0,14,Australia
CC McDonald,1952-1961,47,90,14,14,0,0,14,Australia
AA Mailey,1920-1926,21,38,14,14,0,0,14,Australia
WL Murdoch,1877-1890,18,34,14,14,0,3,11,Australia
GM Ritchie,1982-1987,30,48,14,14,0,0,14,Australia
RJ Bright,1977-1986,25,42,13,13,0,0,13,Australia
HL Collins,1920-1926,19,35,13,13,0,0,13,Australia
JHW Fingleton,1932-1938,18,33,13,13,0,0,13,Australia
AMJ Hilditch,1979-1985,18,28,13,13,0,0,13,Australia
AF Kippax,1925-1934,22,43,13,13,0,0,13,Australia
GE Palmer,1880-1886,17,30,13,13,0,0,13,Australia
CS Serjeant,1977-1978,12,22,13,13,0,0,13,Australia
DF Whatmore,1979-1979,7,11,13,13,0,0,13,Australia
J Worrall,1885-1899,11,19,13,13,0,0,13,Australia
TJE Andrews,1921-1926,16,28,12,12,0,0,12,Australia
W Bardsley,1909-1926,41,74,12,12,0,0,12,Australia
W Bruce,1885-1895,14,24,12,12,0,0,12,Australia
DW Hookes,1977-1985,23,42,12,12,0,0,12,Australia
WP Howell,1898-1904,18,33,12,12,0,0,12,Australia
SP Jones,1882-1888,12,21,12,12,0,0,12,Australia
MRJ Veletta,1987-1990,8,14,12,12,0,0,12,Australia
MHN Walker,1972-1977,34,64,12,12,0,0,12,Australia
RJ Harris,2010-2014,24,46,11,11,0,0,11,Australia
AJY Hopkins,1902-1909,20,38,11,11,0,0,11,Australia
DS Lehmann,1998-2004,27,54,11,11,0,0,11,Australia
FR Spofforth,1877-1887,18,31,11,11,0,0,11,Australia
JM Taylor,1920-1926,20,37,11,11,0,0,11,Australia
TW Wall,1929-1934,18,34,11,11,0,0,11,Australia
GJ Bailey,2013-2014,5,10,10,10,0,0,10,Australia
HF Boyle,1879-1884,12,23,10,10,0,0,10,Australia
J Dyson,1977-1984,30,56,10,10,0,0,10,Australia
HSTL Hendry,1921-1929,11,22,10,10,0,0,10,Australia
GF Lawson,1980-1989,46,81,10,10,0,0,10,Australia
PA McAlister,1904-1909,8,16,10,10,0,0,10,Australia
VS Ransford,1907-1912,20,39,10,10,0,0,10,Australia
PL Taylor,1987-1991,13,23,10,10,0,0,10,Australia
IC Davis,1973-1977,15,28,9,9,0,0,9,Australia
LE Favell,1954-1961,19,37,9,9,0,0,9,Australia
DW Fleming,1994-2001,20,38,9,9,0,0,9,Australia
NJN Hawke,1963-1968,27,50,9,9,0,0,9,Australia
BJ Hodge,2005-2008,6,12,9,9,0,0,9,Australia
LF Kline,1957-1961,13,25,9,9,0,0,9,Australia
CE McLeod,1894-1905,17,31,9,9,0,0,9,Australia
I Meckiff,1957-1963,18,36,9,9,0,0,9,Australia
TM Moody,1989-1992,8,13,9,9,0,0,9,Australia
CJL Rogers,2008-2014,14,28,9,9,0,0,9,Australia
PM Toohey,1977-1980,15,28,9,9,0,0,9,Australia
MG Bevan,1994-1998,18,36,8,8,0,0,8,Australia
A Cotter,1904-1912,21,40,8,8,0,0,8,Australia
LS Darling,1933-1937,12,23,8,8,0,0,8,Australia
GJ Gilmour,1973-1977,15,29,8,8,0,0,8,Australia
FJ Laver,1899-1909,15,28,8,8,0,0,8,Australia
EL McCormick,1935-1938,12,22,8,8,0,0,8,Australia
HJH Scott,1884-1886,8,13,8,8,0,0,8,Australia
CTB Turner,1887-1895,17,30,8,8,0,0,8,Australia
R Edwards,1972-1975,20,39,7,7,0,0,7,Australia
TW Garrett,1877-1888,19,34,7,7,0,0,7,Australia
BW Hilfenhaus,2009-2012,27,50,7,7,0,0,7,Australia
RM Hogg,1978-1984,38,69,7,7,0,0,7,Australia
PM Hornibrook,1929-1930,6,11,7,7,0,0,7,Australia
A Jackson,1929-1931,8,16,7,7,0,0,7,Australia
PA Jaques,2005-2008,11,22,7,7,0,0,7,Australia
ML Love,2002-2003,5,10,7,7,0,0,7,Australia
SJE Loxton,1948-1951,12,23,7,7,0,0,7,Australia
TJ Matthews,1912-1912,8,12,7,7,0,0,7,Australia
WJ O'Reilly,1932-1946,27,50,7,7,0,0,7,Australia
TR Veivers,1963-1967,21,38,7,7,0,0,7,Australia
WM Woodfull,1926-1934,35,65,7,7,0,0,7,Australia
RD Woolley,1983-1984,2,3,7,7,0,7,0,Australia
W Carkeek,1912-1912,6,9,6,6,0,6,0,Australia
WM Clark,1977-1979,10,18,6,6,0,0,6,Australia
AIC Dodemaide,1987-1992,10,17,6,6,0,0,6,Australia
PA Emery,1994-1994,1,2,6,5,1,5,0,Australia
DRA Gehrs,1904-1911,6,11,6,6,0,0,6,Australia
TP Horan,1877-1885,15,28,6,6,0,0,6,Australia
HV Hordern,1911-1912,7,13,6,6,0,0,6,Australia
MF Kent,1981-1981,3,6,6,6,0,0,6,Australia
PS McDonnell,1880-1888,19,34,6,6,0,0,6,Australia
SE Marsh,2011-2014,9,18,6,6,0,0,6,Australia
TBA May,1987-1995,24,46,6,6,0,0,6,Australia
CR Miller,1998-2001,18,34,6,6,0,0,6,Australia
FM Misson,1960-1961,5,10,6,6,0,0,6,Australia
LJ Nash,1932-1937,2,4,6,6,0,0,6,Australia
BA Barnett,1938-1938,4,6,5,3,2,3,0,Australia
MJ Bennett,1984-1985,3,5,5,5,0,0,5,Australia
WM Darling,1978-1979,14,25,5,5,0,0,5,Australia
E Evans,1881-1886,6,10,5,5,0,0,5,Australia
EW Freeman,1968-1970,11,21,5,5,0,0,5,Australia
RG Holland,1984-1986,11,18,5,5,0,0,5,Australia
TJ Jenner,1970-1975,9,18,5,5,0,0,5,Australia
CB Jennings,1912-1912,6,9,5,5,0,0,5,Australia
UT Khawaja,2011-2013,9,17,5,5,0,0,5,Australia
JW Martin,1960-1967,8,16,5,5,0,0,5,Australia
HH Massie,1881-1885,9,17,5,5,0,0,5,Australia
WE Midwinter,1877-1887,8,15,5,5,0,0,5,Australia
AD Ogilvie,1977-1978,5,10,5,5,0,0,5,Australia
PI Philpott,1965-1966,8,15,5,5,0,0,5,Australia
RJ Quiney,2012-2012,2,4,5,5,0,0,5,Australia
BA Reid,1985-1992,27,46,5,5,0,0,5,Australia
KE Rigg,1931-1937,8,16,5,5,0,0,5,Australia
DT Ring,1948-1953,13,26,5,5,0,0,5,Australia
JV Saunders,1902-1908,14,27,5,5,0,0,5,Australia
DM Wellham,1981-1987,6,10,5,5,0,0,5,Australia
EL a'Beckett,1928-1932,4,8,4,4,0,0,4,Australia
SR Clark,2006-2009,24,48,4,4,0,0,4,Australia
JJ Ferris,1887-1890,8,14,4,4,0,0,4,Australia
GR Hazlitt,1907-1912,9,15,4,4,0,0,4,Australia
RJ Inverarity,1968-1972,6,12,4,4,0,0,4,Australia
BP Julian,1993-1995,7,14,4,4,0,0,4,Australia
JJ Krejza,2008-2008,2,4,4,4,0,0,4,Australia
TR McKibbin,1895-1898,5,10,4,4,0,0,4,Australia
SP O'Donnell,1985-1985,6,10,4,4,0,0,4,Australia
RK Oxenham,1928-1931,7,14,4,4,0,0,4,Australia
CE Pellew,1920-1921,10,20,4,4,0,0,4,Australia
RD Robinson,1977-1977,3,5,4,4,0,0,4,Australia
MW Sievers,1936-1937,3,5,4,4,0,0,4,Australia
PR Sleep,1979-1990,14,23,4,4,0,0,4,Australia
MA Starc,2011-2013,12,24,4,4,0,0,4,Australia
ERH Toshack,1946-1948,12,24,4,4,0,0,4,Australia
AE Trott,1895-1895,3,6,4,4,0,0,4,Australia
WJ Whitty,1909-1912,14,25,4,4,0,0,4,Australia
JM Wiener,1979-1980,6,10,4,4,0,0,4,Australia
BA Williams,2003-2004,4,8,4,4,0,0,4,Australia
CL Badcock,1936-1938,7,11,3,3,0,0,3,Australia
JH de Courcy,1953-1953,3,5,3,3,0,0,3,Australia
AJ Doolan,2014-2014,3,6,3,3,0,0,3,Australia
B Dooland,1947-1948,3,6,3,3,0,0,3,Australia
JB Gannon,1977-1978,3,5,3,3,0,0,3,Australia
H Graham,1893-1896,6,11,3,3,0,0,3,Australia
NM Hauritz,2004-2010,17,33,3,3,0,0,3,Australia
JD Higgs,1978-1981,22,39,3,3,0,0,3,Australia
TV Hohns,1989-1989,7,13,3,3,0,0,3,Australia
AG Hurst,1974-1979,12,22,3,3,0,0,3,Australia
H Ironmonger,1928-1933,14,28,3,3,0,0,3,Australia
TJ Laughlin,1978-1978,3,6,3,3,0,0,3,Australia
HSB Love,1933-1933,1,2,3,3,0,3,0,Australia
JJ Lyons,1887-1897,14,25,3,3,0,0,3,Australia
EA McDonald,1921-1921,11,22,3,3,0,0,3,Australia
RW McLeod,1892-1893,6,10,3,3,0,0,3,Australia
GA Manou,2009-2009,1,1,3,3,0,3,0,Australia
LC Mayne,1965-1970,6,12,3,3,0,0,3,Australia
HC Nitschke,1931-1931,2,4,3,3,0,0,3,Australia
LPJ O'Brien,1932-1936,5,9,3,3,0,0,3,Australia
JDA O'Connor,1908-1909,4,8,3,3,0,0,3,Australia
G Thomas,1965-1966,8,15,3,3,0,0,3,Australia
NFD Thomson,1877-1877,2,4,3,3,0,0,3,Australia
JW Trumble,1885-1886,7,11,3,3,0,0,3,Australia
G Alexander,1880-1884,2,4,2,2,0,0,2,Australia
RC Allen,1887-1887,1,2,2,2,0,0,2,Australia
DD Blackie,1928-1929,3,6,2,2,0,0,2,Australia
DE Bollinger,2009-2010,12,23,2,2,0,0,2,Australia
NW Bracken,2003-2005,5,10,2,2,0,0,2,Australia
EH Bromley,1933-1934,2,3,2,2,0,0,2,Australia
FJ Burton,1887-1888,2,4,2,1,1,0,1,Australia
PH Carlson,1979-1979,2,4,2,2,0,0,2,Australia
B Casson,2008-2008,1,2,2,2,0,0,2,Australia
TM Chappell,1981-1981,3,6,2,2,0,0,2,Australia
BB Cooper,1877-1877,1,2,2,2,0,0,2,Australia
TA Copeland,2011-2011,3,6,2,2,0,0,2,Australia
ID Craig,1953-1958,11,20,2,2,0,0,2,Australia
XJ Doherty,2010-2013,4,6,2,2,0,0,2,Australia
H Donnan,1892-1896,5,9,2,2,0,0,2,Australia
CJ Eady,1896-1902,2,4,2,2,0,0,2,Australia
SH Emery,1912-1912,4,5,2,2,0,0,2,Australia
JR Hammond,1973-1973,5,10,2,2,0,0,2,Australia
JC Hill,1953-1955,3,5,2,2,0,0,2,Australia
DE Hoare,1961-1961,1,2,2,2,0,0,2,Australia
TG Hogan,1983-1984,7,11,2,2,0,0,2,Australia
A Hurwood,1930-1931,2,4,2,2,0,0,2,Australia
JB Iverson,1950-1951,5,10,2,2,0,0,2,Australia
LJ Johnson,1948-1948,1,2,2,2,0,0,2,Australia
TK Kendall,1877-1877,2,4,2,2,0,0,2,Australia
AB McDonald,2009-2009,4,7,2,2,0,0,2,Australia
PG McShane,1885-1888,3,5,2,2,0,0,2,Australia
JN Maguire,1983-1984,3,5,2,2,0,0,2,Australia
AL Mann,1977-1978,4,7,2,2,0,0,2,Australia
GJ Maxwell,2013-2013,2,3,2,2,0,0,2,Australia
ER Mayne,1912-1921,4,7,2,2,0,0,2,Australia
SA Muller,1999-1999,2,4,2,2,0,0,2,Australia
LS Pascoe,1977-1982,14,27,2,2,0,0,2,Australia
CG Rackemann,1982-1991,12,20,2,2,0,0,2,Australia
DA Renneberg,1966-1968,8,15,2,2,0,0,2,Australia
BK Shepherd,1963-1965,9,18,2,2,0,0,2,Australia
DJ Sincock,1964-1966,3,5,2,2,0,0,2,Australia
GB Stevens,1959-1960,4,8,2,2,0,0,2,Australia
FH Walters,1885-1885,1,1,2,2,0,0,2,Australia
WJ Watson,1955-1955,4,7,2,2,0,0,2,Australia
MR Whitney,1981-1992,12,24,2,2,0,0,2,Australia
J Angel,1993-1995,4,7,1,1,0,0,1,Australia
JE Barrett,1890-1890,2,4,1,1,0,0,1,Australia
MA Beer,2011-2012,2,3,1,1,0,0,1,Australia
JM Bird,2012-2013,3,6,1,1,0,0,1,Australia
IW Callen,1978-1978,1,2,1,1,0,0,1,Australia
GD Campbell,1989-1990,4,8,1,1,0,0,1,Australia
DJ Colley,1972-1972,3,6,1,1,0,0,1,Australia
WH Cooper,1881-1884,2,4,1,1,0,0,1,Australia
JT Cottam,1887-1887,1,2,1,1,0,0,1,Australia
WPA Crawford,1956-1956,4,8,1,1,0,0,1,Australia
PJ Cummins,2011-2011,1,2,1,1,0,0,1,Australia
G Dymock,1974-1980,21,35,1,1,0,0,1,Australia
JD Edwards,1888-1888,3,4,1,1,0,0,1,Australia
BC Francis,1972-1972,3,6,1,1,0,0,1,Australia
RA Gaunt,1958-1964,3,5,1,1,0,0,1,Australia
WF Giffen,1887-1892,3,5,1,1,0,0,1,Australia
EJ Gregory,1877-1877,1,2,1,1,0,0,1,Australia
RG Gregory,1937-1937,2,4,1,1,0,0,1,Australia
RA Hamence,1947-1948,3,6,1,1,0,0,1,Australia
J Harry,1895-1895,1,2,1,1,0,0,1,Australia
MJ Hartigan,1908-1908,2,4,1,1,0,0,1,Australia
JW Hastings,2012-2012,1,2,1,1,0,0,1,Australia
MC Henriques,2013-2013,3,5,1,1,0,0,1,Australia
PA Hibbert,1977-1977,1,2,1,1,0,0,1,Australia
GB Hogg,1996-2008,7,14,1,1,0,0,1,Australia
WA Hunt,1932-1932,1,2,1,1,0,0,1,Australia
TJD Kelly,1877-1879,2,4,1,1,0,0,1,Australia
RB Kerr,1985-1985,2,4,1,1,0,0,1,Australia
SG Law,1995-1995,1,2,1,1,0,0,1,Australia
PK Lee,1931-1933,2,4,1,1,0,0,1,Australia
J McIlwraith,1886-1886,1,1,1,1,0,0,1,Australia
CJ McKay,2009-2009,1,2,1,1,0,0,1,Australia
RAL Massie,1972-1973,6,12,1,1,0,0,1,Australia
CD Matthews,1986-1988,3,6,1,1,0,0,1,Australia
KD Meuleman,1946-1946,1,2,1,1,0,0,1,Australia
H Moses,1887-1895,6,12,1,1,0,0,1,Australia
WH Moule,1880-1880,1,2,1,1,0,0,1,Australia
G Noblet,1950-1953,3,6,1,1,0,0,1,Australia
JL Pattinson,2011-2014,13,25,1,1,0,0,1,Australia
JC Reedman,1894-1894,1,2,1,1,0,0,1,Australia
AJ Richardson,1924-1926,9,14,1,1,0,0,1,Australia
GR Robertson,1998-1998,4,7,1,1,0,0,1,Australia
RH Robinson,1936-1936,1,2,1,1,0,0,1,Australia
GF Rorke,1959-1959,4,8,1,1,0,0,1,Australia
RHD Sellers,1964-1964,1,1,1,1,0,0,1,Australia
SB Smith,1984-1984,3,6,1,1,0,0,1,Australia
SW Tait,2005-2008,3,6,1,1,0,0,1,Australia
JPF Travers,1902-1902,1,2,1,1,0,0,1,Australia
MG Waite,1938-1938,2,3,1,1,0,0,1,Australia
FA Ward,1936-1938,4,6,1,1,0,0,1,Australia
JR Watkins,1973-1973,1,2,1,1,0,0,1,Australia
GD Watson,1966-1972,5,9,1,1,0,0,1,Australia
CL White,2008-2008,4,8,1,1,0,0,1,Australia
AJ Woodcock,1974-1974,1,2,1,1,0,0,1,Australia
SMJ Woods,1888-1888,3,4,1,1,0,0,1,Australia
AC Agar,2013-2013,2,4,0,0,0,0,0,Australia
HH Alexander,1933-1933,1,2,0,0,0,0,0,Australia
FE Allan,1879-1879,1,2,0,0,0,0,0,Australia
PJ Allan,1965-1965,1,2,0,0,0,0,0,Australia
KA Archer,1950-1951,5,10,0,0,0,0,0,Australia
C Bannerman,1877-1879,3,6,0,0,0,0,0,Australia
GR Beard,1980-1980,3,4,0,0,0,0,0,Australia
J Benaud,1972-1973,3,6,0,0,0,0,0,Australia
EJK Burn,1890-1890,2,4,0,0,0,0,0,Australia
ST Callaway,1892-1895,3,6,0,0,0,0,0,Australia
PC Charlton,1890-1890,2,4,0,0,0,0,0,Australia
A Coningham,1894-1895,1,2,0,0,0,0,0,Australia
SH Cook,1997-1997,2,4,0,0,0,0,0,Australia
GE Corling,1964-1964,5,8,0,0,0,0,0,Australia
G Coulthard,1882-1882,1,2,0,0,0,0,0,Australia
DJ Cullen,2006-2006,1,2,0,0,0,0,0,Australia
AC Dale,1998-1999,2,4,0,0,0,0,0,Australia
SP Davis,1986-1986,1,1,0,0,0,0,0,Australia
AR Dell,1971-1974,2,4,0,0,0,0,0,Australia
JRF Duncan,1971-1971,1,2,0,0,0,0,0,Australia
KH Eastwood,1971-1971,1,2,0,0,0,0,0,Australia
HI Ebeling,1934-1934,1,2,0,0,0,0,0,Australia
WJ Edwards,1974-1974,3,6,0,0,0,0,0,Australia
JP Faulkner,2013-2013,1,2,0,0,0,0,0,Australia
LO Fleetwood-Smith,1935-1938,10,18,0,0,0,0,0,Australia
FAW Freer,1946-1946,1,2,0,0,0,0,0,Australia
PR George,2010-2010,1,2,0,0,0,0,0,Australia
DR Gilbert,1985-1986,9,13,0,0,0,0,0,Australia
DW Gregory,1877-1879,3,6,0,0,0,0,0,Australia
TU Groube,1880-1880,1,2,0,0,0,0,0,Australia
CEJ Guest,1963-1963,1,2,0,0,0,0,0,Australia
AEV Hartkopf,1925-1925,1,2,0,0,0,0,0,Australia
MR Harvey,1947-1947,1,2,0,0,0,0,0,Australia
JR Hodges,1877-1877,2,4,0,0,0,0,0,Australia
LR Joslin,1968-1968,1,2,0,0,0,0,0,Australia
BE McGain,2009-2009,1,1,0,0,0,0,0,Australia
PE McIntyre,1995-1996,2,4,0,0,0,0,0,Australia
JW McLaren,1912-1912,1,2,0,0,0,0,0,Australia
MF Malone,1977-1977,1,2,0,0,0,0,0,Australia
AP Marr,1885-1885,1,2,0,0,0,0,0,Australia
RB Minnett,1911-1912,9,16,0,0,0,0,0,Australia
J Moroney,1949-1952,7,13,0,0,0,0,0,Australia
S Morris,1885-1885,1,2,0,0,0,0,0,Australia
JK Moss,1979-1979,1,2,0,0,0,0,0,Australia
HA Musgrove,1885-1885,1,2,0,0,0,0,0,Australia
LE Nagel,1932-1932,1,2,0,0,0,0,0,Australia
MJ Nicholson,1998-1998,1,2,0,0,0,0,0,Australia
OE Nothling,1928-1928,1,2,0,0,0,0,0,Australia
RL Park,1920-1921,1,2,0,0,0,0,0,Australia
WN Phillips,1992-1992,1,2,0,0,0,0,0,Australia
RJ Pope,1885-1885,1,2,0,0,0,0,0,Australia
WR Robertson,1885-1885,1,2,0,0,0,0,0,Australia
JW Rutherford,1956-1956,1,2,0,0,0,0,0,Australia
KN Slater,1959-1959,1,2,0,0,0,0,0,Australia
J Slight,1880-1880,1,2,0,0,0,0,0,Australia
DBM Smith,1912-1912,2,3,0,0,0,0,0,Australia
GR Thoms,1952-1952,1,2,0,0,0,0,0,Australia
AL Thomson,1970-1971,4,8,0,0,0,0,0,Australia
HM Thurlow,1932-1932,1,2,0,0,0,0,0,Australia
GE Tribe,1946-1947,3,6,0,0,0,0,0,Australia
JW Wilson,1956-1956,1,2,0,0,0,0,0,Australia
P Wilson,1998-1998,1,1,0,0,0,0,0,Australia
S Young,1997-1997,1,2,0,0,0,0,0,Australia
AJ Stewart,1990-2003,133,231,277,263,14,227,36,England
APE Knott,1967-1981,95,174,269,250,19,250,0,England
MJ Prior,2007-2013,75,138,230,217,13,217,0,England
TG Evans,1946-1959,91,175,219,173,46,173,0,England
RW Taylor,1971-1984,57,106,174,167,7,167,0,England
RC Russell,1988-1998,54,96,165,153,12,153,0,England
GO Jones,2004-2006,34,66,133,128,5,128,0,England
AJ Strauss,2004-2012,100,189,121,121,0,0,121,England
IT Botham,1977-1992,102,179,120,120,0,0,120,England
MC Cowdrey,1954-1975,114,214,120,120,0,0,120,England
JM Parks,1954-1968,46,86,114,103,11,101,2,England
WR Hammond,1927-1947,85,154,110,110,0,0,110,England
GP Thorpe,1993-2005,100,179,105,105,0,0,105,England
GA Gooch,1975-1995,118,211,103,103,0,0,103,England
LEG Ames,1929-1939,47,87,97,74,23,72,2,England
PD Collingwood,2003-2011,68,124,96,96,0,1,95,England
AN Cook,2006-2014,102,189,96,96,0,0,96,England
ME Trescothick,2000-2006,76,139,95,95,0,0,95,England
AFA Lilley,1896-1909,35,67,92,70,22,70,0,England
GA Hick,1991-2001,65,115,90,90,0,0,90,England
AW Greig,1972-1977,58,107,87,87,0,0,87,England
MA Atherton,1989-2001,115,200,83,83,0,0,83,England
TW Graveney,1951-1969,79,152,80,80,0,2,78,England
IR Bell,2004-2014,98,184,78,78,0,0,78,England
PR Downton,1981-1988,30,51,75,70,5,70,0,England
AJ Lamb,1982-1992,79,146,75,75,0,0,75,England
DI Gower,1978-1992,117,211,74,74,0,0,74,England
H Strudwick,1910-1926,28,50,73,61,12,61,0,England
N Hussain,1990-2004,96,165,67,67,0,0,67,England
FS Trueman,1952-1965,67,128,64,64,0,0,64,England
FE Woolley,1909-1934,64,113,64,64,0,1,63,England
KP Pietersen,2005-2014,104,193,62,62,0,0,62,England
MA Butcher,1997-2004,71,122,61,61,0,0,61,England
G Duckworth,1924-1936,24,43,60,45,15,45,0,England
W Rhodes,1899-1930,58,110,60,60,0,0,60,England
MW Gatting,1978-1995,79,135,59,59,0,0,59,England
GAR Lock,1952-1968,49,93,59,59,0,0,59,England
KF Barrington,1955-1968,82,153,58,58,0,0,58,England
L Hutton,1937-1955,79,147,57,57,0,0,57,England
JM Anderson,2003-2014,92,173,55,55,0,0,55,England
JT Murray,1961-1967,21,38,55,52,3,52,0,England
KWR Fletcher,1968-1982,59,106,54,54,0,0,54,England
CMW Read,1999-2007,15,26,54,48,6,48,0,England
GP Swann,2008-2013,60,113,54,54,0,0,54,England
MJK Smith,1958-1972,50,91,53,53,0,0,53,England
JM Brearley,1976-1981,39,75,52,52,0,0,52,England
A Flintoff,1998-2009,78,142,52,52,0,0,52,England
DCS Compton,1937-1957,78,146,49,49,0,0,49,England
SJ Rhodes,1994-1995,11,22,49,46,3,46,0,England
R Illingworth,1958-1973,61,115,45,45,0,0,45,England
DL Underwood,1966-1982,86,157,44,44,0,0,44,England
MP Vaughan,1999-2008,82,150,44,44,0,0,44,England
JH Edrich,1963-1976,77,145,43,43,0,0,43,England
PH Edmonds,1975-1987,51,91,42,42,0,0,42,England
PBH May,1951-1961,66,127,42,42,0,0,42,England
PH Parfitt,1961-1972,37,73,42,42,0,0,42,England
LC Braund,1901-1908,23,44,39,39,0,0,39,England
WJ Edrich,1938-1955,39,70,39,39,0,0,39,England
BN French,1986-1988,16,25,39,38,1,38,0,England
WG Grace,1880-1899,22,42,39,39,0,1,38,England
MR Ramprakash,1991-2002,52,93,39,39,0,0,39,England
RA Smith,1988-1996,62,110,39,39,0,0,39,England
RGD Willis,1971-1984,90,165,39,39,0,0,39,England
GRJ Roope,1973-1978,21,37,35,35,0,0,35,England
FJ Titmus,1955-1975,53,100,35,35,0,0,35,England
JE Emburey,1978-1995,64,109,34,34,0,0,34,England
G Boycott,1964-1982,108,193,33,33,0,0,33,England
AF Giles,1998-2006,54,99,33,33,0,0,33,England
EH Hendren,1920-1935,51,92,33,33,0,0,33,England
TE Bailey,1949-1959,61,118,32,32,0,0,32,England
APF Chapman,1924-1931,26,46,32,32,0,0,32,England
TR Ambrose,2008-2009,11,21,31,31,0,31,0,England
JT Ikin,1946-1955,18,32,31,31,0,0,31,England
DW Randall,1977-1984,47,88,31,31,0,0,31,England
H Verity,1931-1939,40,75,30,30,0,0,30,England
JP Crawley,1994-2003,37,65,29,29,0,0,29,England
ER Dexter,1958-1968,62,116,29,29,0,0,29,England
BL D'Oliveira,1966-1972,44,83,29,29,0,0,29,England
AC MacLaren,1894-1909,35,64,29,29,0,0,29,England
A Shrewsbury snr,1881-1893,23,42,29,29,0,0,29,England
IJL Trott,2009-2013,49,93,29,29,0,0,29,England
MH Denness,1969-1975,28,50,28,28,0,0,28,England
GA Lohmann,1886-1896,18,36,28,28,0,0,28,England
JB Statham,1951-1965,70,134,28,28,0,0,28,England
AV Bedser,1946-1955,51,93,26,26,0,0,26,England
DR Jardine,1928-1934,22,42,26,26,0,0,26,England
NV Knight,1995-2001,17,31,26,26,0,0,26,England
R Swetman,1959-1960,11,19,26,24,2,24,0,England
M Hendrick,1974-1981,30,56,25,25,0,0,25,England
CC Lewis,1990-1996,32,58,25,25,0,0,25,England
DL Amiss,1966-1977,50,90,24,24,0,0,24,England
DB Close,1949-1976,22,44,24,24,0,0,24,England
MJ Hoggard,2000-2008,67,125,24,24,0,0,24,England
H Sutcliffe,1924-1935,54,96,23,23,0,0,23,England
FR Brown,1931-1953,22,40,22,22,0,0,22,England
CM Old,1972-1981,46,84,22,22,0,0,22,England
RW Barber,1960-1968,28,49,21,21,0,0,21,England
AR Caddick,1993-2003,62,106,21,21,0,0,21,England
CJ Richards,1986-1988,8,15,21,20,1,20,0,England
GOB Allen,1930-1948,25,47,20,20,0,0,20,England
SCJ Broad,2007-2014,67,124,20,20,0,0,20,England
AC Smith,1962-1963,6,12,20,20,0,20,0,England
EJ Smith,1911-1913,11,20,20,17,3,16,1,England
CJ Tavare,1980-1989,31,56,20,20,0,0,20,England
W Barnes,1880-1890,21,40,19,19,0,0,19,England
TW Hayward,1896-1909,35,67,19,19,0,0,19,England
G Ulyett,1877-1890,25,47,19,19,0,0,19,England
DG Cork,1995-2002,37,65,18,18,0,0,18,England
JS Foster,2001-2002,7,13,18,17,1,17,0,England
GH Hirst,1897-1909,24,44,18,18,0,0,18,England
CB Fry,1896-1912,26,47,17,17,0,0,17,England
JB Hobbs,1908-1930,61,110,17,17,0,0,17,England
G MacGregor,1890-1893,8,15,17,14,3,14,0,England
G Miller,1976-1984,34,62,17,17,0,0,17,England
R Peel,1884-1896,20,38,17,17,0,0,17,England
PJ Sharpe,1963-1969,12,24,17,17,0,0,17,England
AJ Watkins,1948-1952,15,26,17,17,0,0,17,England
JM Bairstow,2012-2014,14,27,16,16,0,10,6,England
WW Read,1882-1893,18,35,16,16,0,0,16,England
JA Snow,1965-1976,49,93,16,16,0,0,16,England
JT Tyldesley,1899-1909,31,59,16,16,0,0,16,England
RES Wyatt,1927-1937,40,74,16,16,0,0,16,England
G Gunn,1907-1930,15,30,15,15,0,0,15,England
AO Jones,1899-1909,12,23,15,15,0,0,15,England
H Larwood,1926-1933,21,38,15,15,0,0,15,England
G Millman,1961-1962,6,12,15,13,2,13,0,England
PI Pocock,1968-1985,25,46,15,15,0,0,15,England
W Voce,1930-1947,27,51,15,15,0,0,15,England
RG Barlow,1881-1887,17,31,14,14,0,0,14,England
CJ Barnett,1933-1948,20,39,14,14,0,0,14,England
PAJ DeFreitas,1986-1995,44,78,14,14,0,0,14,England
PGH Fender,1921-1929,13,23,14,14,0,0,14,England
BR Knight,1961-1969,29,55,14,14,0,0,14,England
BW Luckhurst,1970-1974,21,39,14,14,0,0,14,England
R Pilling,1881-1888,8,14,14,10,4,10,0,England
AE Relf,1903-1914,13,25,14,14,0,0,14,England
C White,1994-2002,30,53,14,14,0,0,14,England
NWD Yardley,1938-1950,20,36,14,14,0,0,14,England
R Abel,1888-1902,13,26,13,13,0,0,13,England
CWJ Athey,1980-1988,23,38,13,13,0,0,13,England
DL Bairstow,1979-1981,4,7,13,12,1,12,0,England
JN Crawford,1906-1908,12,23,13,13,0,0,13,England
RE Foster,1903-1907,8,16,13,13,0,0,13,England
G Geary,1924-1934,14,24,13,13,0,0,13,England
D Gough,1994-2003,58,99,13,13,0,0,13,England
JW Hearne,1911-1926,24,42,13,13,0,0,13,England
M Leyland,1928-1938,41,75,13,13,0,0,13,England
KS Ranjitsinhji,1896-1902,15,26,13,13,0,0,13,England
SF Barnes,1901-1914,27,52,12,12,0,0,12,England
J Briggs,1884-1899,33,63,12,12,0,0,12,England
G Brown,1921-1923,7,12,12,9,3,9,0,England
JC Laker,1948-1959,46,91,12,12,0,0,12,England
RWV Robins,1929-1937,19,38,12,12,0,0,12,England
Rev.DS Sheppard,1950-1963,22,42,12,12,0,0,12,England
RT Spooner,1951-1955,7,12,12,10,2,10,0,England
PCR Tufnell,1990-2001,42,74,12,12,0,0,12,England
JH Wardle,1948-1957,28,56,12,12,0,0,12,England
C Washbrook,1937-1956,37,69,12,12,0,0,12,England
JH Board,1899-1906,6,11,11,8,3,8,0,England
Harry Elliott,1928-1934,4,8,11,8,3,8,0,England
FR Foster,1911-1912,11,20,11,11,0,0,11,England
J Hunter,1884-1885,5,10,11,8,3,8,0,England
GL Jessop,1899-1912,18,34,11,11,0,0,11,England
RWT Key,2002-2005,15,27,11,11,0,0,11,England
JK Lever,1976-1986,21,38,11,11,0,0,11,England
P Lever,1970-1975,17,31,11,11,0,0,11,England
D Lloyd,1974-1975,9,18,11,11,0,0,11,England
EJG Morgan,2010-2012,16,32,11,11,0,0,11,England
MS Nichols,1930-1939,14,24,11,11,0,0,11,England
H Philipson,1892-1895,5,9,11,8,3,8,0,England
W Storer,1897-1899,6,10,11,11,0,11,0,England
MW Tate,1924-1935,39,68,11,11,0,0,11,England
A Wood,1938-1939,4,7,11,10,1,10,0,England
DA Allen,1960-1966,39,69,10,10,0,0,10,England
BC Broad,1984-1989,25,41,10,10,0,0,10,England
RDB Croft,1996-2001,21,35,10,10,0,0,10,England
GR Dilley,1979-1989,41,66,10,10,0,0,10,England
KS Duleepsinhji,1929-1931,12,17,10,10,0,0,10,England
G Fowler,1982-1985,21,39,10,10,0,0,10,England
Hon.FS Jackson,1893-1905,20,36,10,10,0,0,10,England
MD Moxon,1986-1989,10,16,10,10,0,0,10,England
MS Panesar,2006-2013,50,90,10,10,0,0,10,England
DR Pringle,1982-1992,30,56,10,10,0,0,10,England
EFS Tylecote,1882-1886,6,12,10,5,5,5,0,England
RA Woolmer,1975-1981,19,36,10,10,0,0,10,England
DVP Wright,1938-1951,34,62,10,10,0,0,10,England
GG Arnold,1967-1975,34,61,9,9,0,0,9,England
W Attewell,1884-1892,10,20,9,9,0,0,9,England
W Bates,1881-1887,15,29,9,9,0,0,9,England
BJT Bosanquet,1903-1905,7,13,9,9,0,0,9,England
G Cook,1982-1983,7,13,9,9,0,0,9,England
NG Cowans,1982-1985,19,36,9,9,0,0,9,England
JWHT Douglas,1911-1925,23,42,9,9,0,0,9,England
T Emmett,1877-1882,7,13,9,9,0,0,9,England
ARC Fraser,1989-1998,46,80,9,9,0,0,9,England
JH Hampshire,1969-1975,8,16,9,9,0,0,9,England
J Hardstaff jnr,1935-1948,23,44,9,9,0,0,9,England
KL Hutchings,1907-1909,7,14,9,9,0,0,9,England
RA Hutton,1971-1971,5,9,9,9,0,0,9,England
A Mitchell,1933-1936,6,12,9,9,0,0,9,England
GC Small,1986-1991,17,32,9,9,0,0,9,England
RT Stanyforth,1927-1928,4,8,9,7,2,7,0,England
GTS Stevens,1922-1930,10,19,9,9,0,0,9,England
EG Arnold,1903-1907,10,19,8,8,0,0,8,England
JG Binks,1964-1964,2,4,8,8,0,8,0,England
TT Bresnan,2009-2013,23,43,8,8,0,0,8,England
WL Cornford,1930-1930,4,6,8,5,3,5,0,England
D Denton,1905-1910,11,21,8,8,0,0,8,England
N Gifford,1964-1973,15,27,8,8,0,0,8,England
S Haigh,1899-1912,11,19,8,8,0,0,8,England
WK Hegg,1998-1999,2,4,8,8,0,8,0,England
RNS Hobbs,1967-1971,7,12,8,8,0,0,8,England
DJ Insole,1950-1957,9,18,8,8,0,0,8,England
W Larkins,1980-1991,13,22,8,8,0,0,8,England
AJW McIntyre,1950-1955,3,5,8,8,0,7,1,England
JM Read,1882-1893,17,33,8,8,0,0,8,England
RT Robinson,1984-1989,29,49,8,8,0,0,8,England
JE Root,2012-2013,15,28,8,8,0,0,8,England
CAG Russell,1920-1923,10,16,8,8,0,0,8,England
GB Studd,1882-1883,4,8,8,8,0,0,8,England
R Tattersall,1951-1954,16,30,8,8,0,0,8,England
W Watson,1951-1959,23,44,8,8,0,0,8,England
TS Worthington,1930-1937,9,15,8,8,0,0,8,England
WE Astill,1927-1930,9,18,7,7,0,0,7,England
Hon.IFW Bligh,1882-1883,4,8,7,7,0,0,7,England
DJ Brown,1965-1969,26,46,7,7,0,0,7,England
JT Brown,1894-1899,8,15,7,7,0,1,6,England
MA Carberry,2010-2014,6,12,7,7,0,0,7,England
JF Crapp,1948-1949,7,13,7,7,0,0,7,England
W Farrimond,1931-1935,4,8,7,5,2,5,0,England
NA Foster,1983-1993,29,50,7,7,0,0,7,England
SJ Harmison,2002-2009,62,113,7,7,0,0,7,England
FC Hayes,1973-1976,9,15,7,7,0,0,7,England
DW Headley,1997-1999,15,25,7,7,0,0,7,England
J Humphries,1908-1908,3,6,7,7,0,7,0,England
DE Malcolm,1989-1997,40,73,7,7,0,0,7,England
C Milburn,1966-1969,9,14,7,7,0,0,7,England
ASM Oakman,1956-1956,2,4,7,7,0,0,7,England
E Paynter,1931-1939,20,37,7,7,0,0,7,England
JSE Price,1964-1972,15,28,7,7,0,0,7,England
M Sherwin,1887-1888,3,6,7,5,2,5,0,England
DS Steele,1975-1976,8,16,7,7,0,0,7,England
WW Whysall,1925-1930,4,7,7,7,0,0,7,England
CJ Adams,1999-2000,5,7,6,6,0,0,6,England
C Blythe,1901-1910,19,37,6,6,0,0,6,England
RS Bopara,2007-2012,13,20,6,6,0,0,6,England
W Brockwell,1893-1899,7,13,6,6,0,0,6,England
DJ Capel,1987-1990,15,24,6,6,0,0,6,England
FL Fane,1906-1910,14,27,6,6,0,0,6,England
ST Finn,2010-2013,23,44,6,6,0,0,6,England
R Kilner,1924-1926,9,13,6,6,0,0,6,England
James Langridge,1933-1946,8,15,6,6,0,0,6,England
PJ Martin,1995-1997,8,13,6,6,0,0,6,England
AD Mullally,1996-2001,19,34,6,6,0,0,6,England
PE Richardson,1956-1963,34,65,6,6,0,0,6,England
JDB Robertson,1947-1952,11,19,6,6,0,0,6,England
JM Sims,1935-1937,4,8,6,6,0,0,6,England
MJ Stewart,1962-1964,8,16,6,6,0,0,6,England
AE Stoddart,1888-1898,16,29,6,6,0,0,6,England
Lord Tennyson,1913-1921,9,16,6,6,0,0,6,England
CF Walters,1933-1934,11,21,6,6,0,0,6,England
JC White,1921-1931,15,29,6,6,0,0,6,England
B Wood,1972-1978,12,23,6,6,0,0,6,England
GEC Wood,1924-1924,3,6,6,5,1,5,0,England
RA Young,1907-1908,2,4,6,6,0,6,0,England
MC Bird,1910-1914,10,20,5,5,0,0,5,England
NGB Cook,1983-1989,15,25,5,5,0,0,5,England
CS Cowdrey,1984-1988,6,12,5,5,0,0,5,England
NF Druce,1897-1898,5,8,5,5,0,1,4,England
AE Fagg,1936-1939,5,10,5,5,0,0,5,England
FGJ Ford,1894-1895,5,9,5,5,0,0,5,England
SC Griffith,1948-1949,3,6,5,5,0,5,0,England
W Gunn,1887-1899,11,21,5,5,0,0,5,England
EE Hemmings,1982-1991,16,28,5,5,0,0,5,England
RK Illingworth,1991-1995,9,14,5,5,0,0,5,England
VWC Jupp,1921-1928,8,15,5,5,0,0,5,England
AS Kennedy,1922-1923,5,9,5,5,0,0,5,England
D Kenyon,1951-1955,8,15,5,5,0,0,5,England
JDF Larter,1962-1965,10,20,5,5,0,0,5,England
FA Lowson,1951-1955,7,12,5,5,0,0,5,England
GG Macaulay,1923-1933,8,14,5,5,0,0,5,England
WE Midwinter,1881-1882,4,7,5,5,0,0,5,England
CA Milton,1958-1959,6,12,5,5,0,0,5,England
GAE Paine,1935-1935,4,7,5,5,0,0,5,England
IAR Peebles,1927-1931,13,21,5,5,0,0,5,England
T Richardson,1893-1898,14,25,5,5,0,0,5,England
IDK Salisbury,1992-2000,15,27,5,5,0,0,5,England
RJ Sidebottom,2001-2010,22,37,5,5,0,0,5,England
RT Simpson,1948-1955,27,51,5,5,0,0,5,England
CL Smith,1983-1986,8,16,5,5,0,0,5,England
ET Smith,2003-2003,3,6,5,5,0,0,5,England
AG Steel,1880-1888,13,24,5,5,0,0,5,England
CT Studd,1882-1883,5,10,5,5,0,0,5,England
R Subba Row,1958-1961,13,23,5,5,0,0,5,England
GJ Thompson,1909-1910,6,12,5,5,0,0,5,England
RW Tolchard,1977-1977,4,8,5,5,0,0,5,England
PM Walker,1960-1960,3,6,5,5,0,0,5,England
JA Young,1947-1949,8,14,5,5,0,0,5,England
PJW Allott,1981-1985,13,24,4,4,0,0,4,England
R Appleyard,1954-1956,9,18,4,4,0,0,4,England
G Bean,1892-1892,3,6,4,4,0,0,4,England
NRD Compton,2012-2013,9,16,4,4,0,0,4,England
MA Ealham,1996-1998,8,13,4,4,0,0,4,England
NH Fairbrother,1987-1993,10,15,4,4,0,0,4,England
A Fielder,1904-1908,6,12,4,4,0,0,4,England
AP Freeman,1924-1929,12,23,4,4,0,0,4,England
LH Gay,1894-1894,1,2,4,3,1,3,0,England
PA Gibb,1938-1946,8,14,4,3,1,3,0,England
NE Haig,1921-1930,5,10,4,4,0,0,4,England
JT Hearne,1892-1899,12,22,4,4,0,0,4,England
K Higgs,1965-1968,15,27,4,4,0,0,4,England
JW Hitch,1911-1921,7,12,4,4,0,0,4,England
AJ Hollioake,1997-1998,4,6,4,4,0,0,4,England
ERT Holmes,1935-1935,5,9,4,4,0,0,4,England
ND Howard,1951-1952,4,7,4,4,0,0,4,England
RO Jenkins,1948-1952,9,18,4,4,0,0,4,England
IJ Jones,1964-1968,15,27,4,4,0,0,4,England
SP Jones,2002-2005,18,35,4,4,0,0,4,England
WH Lockwood,1893-1902,12,20,4,4,0,0,4,England
JE McConnon,1954-1954,2,4,4,4,0,0,4,England
DL Maddy,1999-2000,3,5,4,4,0,0,4,England
FT Mann,1922-1923,5,9,4,4,0,0,4,England
CP Mead,1911-1928,17,31,4,4,0,0,4,England
LJ Moon,1906-1906,4,7,4,4,0,1,3,England
F Morley,1880-1883,4,8,4,4,0,0,4,England
TC O'Brien,1884-1896,5,9,4,4,0,0,4,England
WG Quaife,1899-1902,7,14,4,4,0,0,4,England
CT Radley,1978-1978,8,15,4,4,0,0,4,England
BC Rose,1977-1981,9,13,4,4,0,0,4,England
WE Russell,1961-1967,10,18,4,4,0,0,4,England
A Sandham,1921-1930,14,24,4,4,0,0,4,England
WH Scotton,1881-1887,15,28,4,4,0,0,4,England
A Shaw,1877-1882,7,13,4,4,0,0,4,England
RH Spooner,1905-1912,10,18,4,4,0,0,4,England
PM Such,1993-1999,11,20,4,4,0,0,4,England
CT Tremlett,2007-2013,12,24,4,4,0,0,4,England
FH Tyson,1954-1959,17,32,4,4,0,0,4,England
SMJ Woods,1896-1896,3,6,4,4,0,0,4,England
AH Bakewell,1931-1935,6,12,3,3,0,0,3,England
GJ Batty,2003-2005,7,12,3,3,0,0,3,England
J Birkenshaw,1973-1974,5,9,3,3,0,0,3,England
RO Butcher,1981-1981,3,4,3,3,0,0,3,England
Hon.FSG Calthorpe,1930-1930,4,8,3,3,0,0,3,England
AW Carr,1922-1929,11,16,3,3,0,0,3,England
K Cranston,1947-1948,8,16,3,3,0,0,3,England
TS Curtis,1988-1989,5,9,3,3,0,0,3,England
RKJ Dawson,2001-2003,7,11,3,3,0,0,3,England
GHG Doggart,1950-1950,2,4,3,3,0,0,3,England
AER Gilligan,1922-1925,11,21,3,3,0,0,3,England
TWJ Goddard,1930-1939,8,13,3,3,0,0,3,England
JR Gunn,1901-1905,6,12,3,3,0,0,3,England
Lord Hawke,1896-1899,5,10,3,3,0,0,3,England
C Heseltine,1896-1896,2,4,3,3,0,0,3,England
P Holmes,1921-1932,7,14,3,3,0,0,3,England
RJ Kirtley,2003-2003,4,7,3,3,0,0,3,England
E Leadbeater,1951-1952,2,4,3,3,0,0,3,England
WHV Levett,1934-1934,1,2,3,3,0,3,0,England
A McGrath,2003-2003,4,7,3,3,0,0,3,England
FG Mann,1948-1949,7,13,3,3,0,0,3,England
JR Mason,1897-1898,5,8,3,3,0,0,3,England
MP Maynard,1988-1994,4,8,3,3,0,0,3,England
H Morris,1991-1991,3,6,3,3,0,0,3,England
JE Morris,1990-1990,3,5,3,3,0,0,3,England
JB Mortimore,1959-1964,9,17,3,3,0,0,3,England
WGA Parkhouse,1950-1959,7,13,3,3,0,0,3,England
CH Parkin,1920-1924,10,17,3,3,0,0,3,England
LE Plunkett,2005-2007,9,17,3,3,0,0,3,England
R Pollard,1946-1948,4,7,3,3,0,0,3,England
F Ridgway,1951-1952,5,8,3,3,0,0,3,England
WN Slack,1986-1986,3,6,3,3,0,0,3,England
NI Thomson,1964-1965,5,10,3,3,0,0,3,England
AJ Tudor,1998-2002,10,17,3,3,0,0,3,England
A Ward,1969-1976,5,9,3,3,0,0,3,England
PF Warner,1899-1912,15,28,3,3,0,0,3,England
P Willey,1976-1986,26,44,3,3,0,0,3,England
H Wood,1888-1892,4,8,3,2,1,2,0,England
F Barratt,1929-1930,5,8,2,2,0,0,2,England
R Berry,1950-1950,2,4,2,2,0,0,2,England
MP Bicknell,1993-2003,4,7,2,2,0,0,2,England
RJ Blakey,1993-1993,2,2,2,2,0,2,0,England
JB Bolus,1963-1964,7,14,2,2,0,0,2,England
SG Borthwick,2014-2014,1,2,2,2,0,0,2,England
WE Bowes,1932-1946,15,29,2,2,0,0,2,England
EH Bowley,1929-1930,5,8,2,2,0,0,2,England
CP Buckenham,1910-1910,4,8,2,2,0,0,2,England
HR Butt,1896-1896,3,6,2,1,1,1,0,England
TW Cartwright,1964-1965,5,9,2,2,0,0,2,England
RMH Cottam,1969-1973,4,8,2,2,0,0,2,England
WR Cuttell,1899-1899,2,4,2,2,0,0,2,England
H Dean,1912-1912,3,5,2,2,0,0,2,England
RM Ellison,1984-1986,11,22,2,2,0,0,2,England
W Flowers,1884-1893,8,15,2,2,0,0,2,England
C Gladwin,1947-1949,8,15,2,2,0,0,2,England
GF Grace,1880-1880,1,2,2,2,0,0,2,England
A Greenwood,1877-1877,2,4,2,2,0,0,2,England
Lord Harris,1879-1884,4,7,2,2,0,0,2,England
JC Hartley,1906-1906,2,3,2,2,0,0,2,England
EG Hayes,1906-1912,5,10,2,2,0,0,2,England
WE Hollies,1935-1950,13,23,2,2,0,0,2,England
BC Hollioake,1997-1998,2,4,2,2,0,0,2,England
L Hone,1879-1879,1,2,2,2,0,2,0,England
MJ Horton,1959-1959,2,4,2,2,0,0,2,England
R Howorth,1947-1948,5,10,2,2,0,0,2,England
RC Irani,1996-1999,3,5,2,2,0,0,2,England
PW Jarvis,1988-1993,9,16,2,2,0,0,2,England
H Jupp,1877-1877,2,4,2,2,0,0,2,England
ET Killick,1929-1929,2,4,2,2,0,0,2,England
WS Lees,1906-1906,5,9,2,2,0,0,2,England
PJ Loader,1954-1959,13,26,2,2,0,0,2,England
Hon.A Lyttelton,1880-1884,4,7,2,2,0,2,0,England
F Martin,1890-1892,2,4,2,2,0,0,2,England
F Mitchell,1899-1899,2,4,2,2,0,0,2,England
J O'Connor,1929-1930,4,8,2,2,0,0,2,England
LCH Palairet,1902-1902,2,4,2,2,0,0,2,England
MM Patel,1996-1996,2,4,2,2,0,0,2,England
SR Patel,2012-2012,5,10,2,2,0,0,2,England
E Peate,1881-1886,9,15,2,2,0,0,2,England
AD Pougher,1892-1892,1,2,2,2,0,0,2,England
WFF Price,1938-1938,1,2,2,2,0,2,0,England
G Pullar,1959-1963,28,50,2,2,0,0,2,England
VPFA Royle,1879-1879,1,2,2,2,0,0,2,England
OA Shah,2006-2009,6,9,2,2,0,0,2,England
A Shahzad,2010-2010,1,2,2,2,0,0,2,England
JW Sharpe,1890-1892,3,6,2,2,0,0,2,England
CEW Silverwood,1996-2002,6,9,2,2,0,0,2,England
DR Smith,1961-1962,5,8,2,2,0,0,2,England
J Southerton,1877-1877,2,4,2,2,0,0,2,England
FW Tate,1902-1902,1,2,2,2,0,0,2,England
JWA Taylor,2012-2012,2,4,2,2,0,0,2,England
VP Terry,1984-1984,2,3,2,2,0,0,2,England
LF Townsend,1930-1934,4,8,2,2,0,0,2,England
GE Tyldesley,1921-1929,14,25,2,2,0,0,2,England
BH Valentine,1933-1939,7,13,2,2,0,0,2,England
E Wainwright,1893-1898,5,8,2,2,0,0,2,England
AJ Webbe,1879-1879,1,2,2,2,0,0,2,England
AW Wellard,1937-1938,2,4,2,2,0,0,2,England
KV Andrew,1954-1963,2,3,1,1,0,1,0,England
JC Balderstone,1976-1976,2,4,1,1,0,0,1,England
W Barber,1935-1935,2,4,1,1,0,0,1,England
KJ Barnett,1988-1989,4,8,1,1,0,0,1,England
MP Bowden,1889-1889,2,4,1,1,0,1,0,England
DV Brennan,1951-1951,2,4,1,0,1,0,0,England
HR Bromley-Davenport,1896-1899,4,8,1,1,0,0,1,England
D Brookes,1948-1948,1,2,1,1,0,0,1,England
A Brown,1961-1961,2,4,1,1,0,0,1,England
SJE Brown,1996-1996,1,2,1,1,0,0,1,England
HJ Butler,1947-1948,2,4,1,1,0,0,1,England
JH Childs,1988-1988,2,3,1,1,0,0,1,England
R Clarke,2003-2003,2,4,1,1,0,0,1,England
JC Clay,1935-1935,1,2,1,1,0,0,1,England
LJ Coldwell,1962-1964,7,14,1,1,0,0,1,England
GA Cope,1977-1978,3,5,1,1,0,0,1,England
WH Copson,1939-1947,3,6,1,1,0,0,1,England
J Cranston,1890-1890,1,2,1,1,0,0,1,England
HE Dollery,1947-1950,4,8,1,1,0,0,1,England
A Dolphin,1921-1921,1,2,1,1,0,1,0,England
A Ducat,1921-1921,1,2,1,1,0,0,1,England
K Farnes,1934-1939,15,27,1,1,0,0,1,England
LB Fishlock,1936-1947,4,7,1,1,0,0,1,England
JER Gallian,1995-1995,3,4,1,1,0,0,1,England
H Gimblett,1936-1939,3,6,1,1,0,0,1,England
AR Gover,1936-1946,4,7,1,1,0,0,1,England
EM Grace,1880-1880,1,2,1,1,0,0,1,England
T Greenhough,1959-1960,4,8,1,1,0,0,1,England
J Hardstaff snr,1907-1908,5,10,1,1,0,0,1,England
A Hearne,1892-1892,1,2,1,1,0,0,1,England
F Hearne,1889-1889,2,4,1,1,0,0,1,England
A Hill,1877-1877,2,4,1,1,0,0,1,England
AJL Hill,1896-1896,3,6,1,1,0,0,1,England
MJ Hilton,1950-1952,4,6,1,1,0,0,1,England
AP Igglesden,1989-1994,3,5,1,1,0,0,1,England
HL Jackson,1949-1961,2,4,1,1,0,0,1,England
AE Knight,1904-1904,3,6,1,1,0,0,1,England
DJ Knight,1921-1921,2,4,1,1,0,0,1,England
GB Legge,1927-1930,5,8,1,1,0,0,1,England
CFH Leslie,1882-1883,4,8,1,1,0,0,1,England
HDG Leveson Gower,1910-1910,3,6,1,1,0,0,1,England
James Lillywhite jnr,1877-1877,2,4,1,1,0,0,1,England
AP Lucas,1879-1884,5,9,1,1,0,0,1,England
MJ McCague,1993-1994,3,5,1,1,0,0,1,England
CP McGahey,1902-1902,2,4,1,1,0,0,1,England
CS Marriott,1933-1933,1,2,1,1,0,0,1,England
ADG Matthews,1937-1937,1,2,1,1,0,0,1,England
W Mead,1899-1899,1,2,1,1,0,0,1,England
FW Milligan,1899-1899,2,4,1,1,0,0,1,England
TB Mitchell,1933-1935,5,9,1,1,0,0,1,England
AW Mold,1893-1893,3,5,1,1,0,0,1,England
AE Moss,1954-1960,9,17,1,1,0,0,1,England
WL Murdoch,1892-1892,1,2,1,0,1,0,0,England
PJ Newport,1988-1991,3,6,1,1,0,0,1,England
RTD Perks,1939-1939,2,3,1,1,0,0,1,England
CJ Poole,1951-1952,3,5,1,1,0,0,1,England
DA Reeve,1992-1992,3,6,1,1,0,0,1,England
DW Richardson,1957-1957,1,2,1,1,0,0,1,England
CF Root,1926-1926,3,3,1,1,0,0,1,England
MJ Saggers,2003-2004,3,6,1,1,0,0,1,England
J Selby,1877-1882,6,11,1,1,0,1,0,England
MWW Selvey,1976-1977,3,6,1,1,0,0,1,England
D Shackleton,1950-1963,7,13,1,1,0,0,1,England
J Sharp,1909-1909,3,6,1,1,0,0,1,England
K Shuttleworth,1970-1971,5,9,1,1,0,0,1,England
GHT Simpson-Hayward,1910-1910,5,10,1,1,0,0,1,England
CIJ Smith,1935-1937,5,9,1,1,0,0,1,England
D Smith,1935-1935,2,4,1,1,0,0,1,England
H Smith,1928-1928,1,2,1,1,0,1,0,England
TPB Smith,1946-1947,4,5,1,1,0,0,1,England
BA Stokes,2013-2014,4,8,1,1,0,0,1,England
GB Street,1923-1923,1,1,1,0,1,0,0,England
K Taylor,1959-1964,3,6,1,1,0,0,1,England
LB Taylor,1985-1985,2,4,1,1,0,0,1,England
DCH Townsend,1935-1935,3,5,1,1,0,0,1,England
JC Tredwell,2010-2010,1,2,1,1,0,0,1,England
NC Tufnell,1910-1910,1,2,1,0,1,0,0,England
MJL Turnbull,1930-1936,9,17,1,1,0,0,1,England
RK Tyldesley,1924-1930,7,11,1,1,0,0,1,England
SD Udal,2005-2006,4,7,1,1,0,0,1,England
A Waddington,1920-1921,2,4,1,1,0,0,1,England
IJ Ward,2001-2001,5,9,1,1,0,0,1,England
A Warren,1905-1905,1,2,1,1,0,0,1,England
SL Watkin,1991-1993,3,6,1,1,0,0,1,England
M Watkinson,1995-1996,4,7,1,1,0,0,1,England
JJ Whitaker,1986-1986,1,2,1,1,0,0,1,England
D Wilson,1964-1971,6,12,1,1,0,0,1,England
HI Young,1899-1899,2,4,1,1,0,0,1,England
CA Absolom,1879-1879,1,2,0,0,0,0,0,England
U Afzaal,2001-2001,3,4,0,0,0,0,0,England
JP Agnew,1984-1985,3,6,0,0,0,0,0,England
Kabir Ali,2003-2003,1,2,0,0,0,0,0,England
MJC Allom,1930-1931,5,8,0,0,0,0,0,England
AG Archer,1899-1899,1,2,0,0,0,0,0,England
T Armitage,1877-1877,2,4,0,0,0,0,0,England
J Arnold,1931-1931,1,2,0,0,0,0,0,England
RJ Bailey,1988-1990,4,7,0,0,0,0,0,England
GS Ballance,2014-2014,1,2,0,0,0,0,0,England
GD Barlow,1976-1977,3,6,0,0,0,0,0,England
VA Barton,1892-1892,1,2,0,0,0,0,0,England
JE Benjamin,1994-1994,1,2,0,0,0,0,0,England
MR Benson,1986-1986,1,2,0,0,0,0,0,England
ID Blackwell,2006-2006,1,2,0,0,0,0,0,England
MW Booth,1913-1914,2,4,0,0,0,0,0,England
WM Bradley,1899-1899,2,4,0,0,0,0,0,England
W Brearley,1905-1912,4,8,0,0,0,0,0,England
AR Butcher,1979-1979,1,2,0,0,0,0,0,England
DB Carr,1951-1952,2,2,0,0,0,0,0,England
DW Carr,1909-1909,1,2,0,0,0,0,0,England
HRJ Charlwood,1877-1877,2,4,0,0,0,0,0,England
W Chatterton,1892-1892,1,2,0,0,0,0,0,England
S Christopherson,1884-1884,1,2,0,0,0,0,0,England
EW Clark,1929-1934,8,15,0,0,0,0,0,England
C Cook,1947-1947,1,2,0,0,0,0,0,England
Hon.CJ Coventry,1889-1889,2,4,0,0,0,0,0,England
A Coxon,1948-1948,1,2,0,0,0,0,0,England
EW Dawson,1928-1930,5,8,0,0,0,0,0,England
JG Dewes,1948-1950,5,8,0,0,0,0,0,England
AE Dipper,1921-1921,1,2,0,0,0,0,0,England
FJ Durston,1921-1921,1,2,0,0,0,0,0,England
GM Emmett,1948-1948,1,2,0,0,0,0,0,England
AJ Evans,1921-1921,1,2,0,0,0,0,0,England
JJ Ferris,1892-1892,1,2,0,0,0,0,0,England
JA Flavell,1961-1964,4,7,0,0,0,0,0,England
AJ Fothergill,1889-1889,2,4,0,0,0,0,0,England
ESH Giddins,1999-2000,4,7,0,0,0,0,0,England
AHH Gilligan,1930-1930,4,6,0,0,0,0,0,England
IA Greig,1982-1982,2,4,0,0,0,0,0,England
BAF Grieve,1889-1889,2,4,0,0,0,0,0,England
A Habib,1999-1999,2,4,0,0,0,0,0,England
C Hallows,1921-1928,2,3,0,0,0,0,0,England
GM Hamilton,1999-1999,1,1,0,0,0,0,0,England
HTW Hardinge,1921-1921,1,2,0,0,0,0,0,England
GG Hearne,1892-1892,1,2,0,0,0,0,0,England
JL Hopwood,1934-1934,2,3,0,0,0,0,0,England
AN Hornby,1879-1884,3,5,0,0,0,0,0,England
H Howell,1920-1924,5,8,0,0,0,0,0,England
J Iddon,1935-1935,5,9,0,0,0,0,0,England
MC Ilott,1993-1995,5,8,0,0,0,0,0,England
RD Jackman,1981-1982,4,7,0,0,0,0,0,England
SP James,1998-1998,2,4,0,0,0,0,0,England
JA Jameson,1971-1974,4,6,0,0,0,0,0,England
RL Johnson,2003-2003,3,6,0,0,0,0,0,England
WW Keeton,1934-1939,2,2,0,0,0,0,0,England
SC Kerrigan,2013-2013,1,2,0,0,0,0,0,England
A Khan,2009-2009,1,2,0,0,0,0,0,England
JH King,1909-1909,1,2,0,0,0,0,0,England
SP Kinneir,1911-1911,1,2,0,0,0,0,0,England
NA Knox,1907-1907,2,4,0,0,0,0,0,England
MN Lathwell,1993-1993,2,3,0,0,0,0,0,England
DV Lawrence,1988-1992,5,10,0,0,0,0,0,England
HW Lee,1931-1931,1,2,0,0,0,0,0,England
AR Lewis,1972-1973,9,17,0,0,0,0,0,England
J Lewis,2006-2006,1,2,0,0,0,0,0,England
TA Lloyd,1984-1984,1,1,0,0,0,0,0,England
JCW MacBryan,1924-1924,1,1,0,0,0,0,0,England
FA MacKinnon,1879-1879,1,2,0,0,0,0,0,England
JEP McMaster,1889-1889,1,2,0,0,0,0,0,England
SI Mahmood,2006-2007,8,14,0,0,0,0,0,England
JWH Makepeace,1920-1921,4,7,0,0,0,0,0,England
NA Mallender,1992-1992,2,4,0,0,0,0,0,England
VJ Marks,1982-1984,6,12,0,0,0,0,0,England
JW Martin,1947-1947,1,2,0,0,0,0,0,England
AM Miller,1896-1896,1,2,0,0,0,0,0,England
NS Mitchell-Innes,1935-1935,1,2,0,0,0,0,0,England
TA Munton,1992-1992,2,4,0,0,0,0,0,England
W Newham,1888-1888,1,2,0,0,0,0,0,England
N Oldfield,1939-1939,1,1,0,0,0,0,0,England
G Onions,2009-2012,9,16,0,0,0,0,0,England
J Ormond,2001-2001,2,3,0,0,0,0,0,England
DEV Padgett,1960-1960,2,4,0,0,0,0,0,England
CH Palmer,1954-1954,1,2,0,0,0,0,0,England
KE Palmer,1965-1965,1,2,0,0,0,0,0,England
CWL Parker,1921-1921,1,1,0,0,0,0,0,England
PWG Parker,1981-1981,1,2,0,0,0,0,0,England
JH Parks,1937-1937,1,2,0,0,0,0,0,England
Nawab of Pataudi snr,1932-1934,3,6,0,0,0,0,0,England
DJ Pattinson,2008-2008,1,2,0,0,0,0,0,England
F Penn,1880-1880,1,2,0,0,0,0,0,England
ACS Pigott,1984-1984,1,1,0,0,0,0,0,England
W Place,1948-1948,3,6,0,0,0,0,0,England
GH Pope,1947-1947,1,2,0,0,0,0,0,England
RM Prideaux,1968-1969,3,6,0,0,0,0,0,England
NV Radford,1986-1988,3,6,0,0,0,0,0,England
WB Rankin,2014-2014,1,2,0,0,0,0,0,England
HD Read,1935-1935,1,2,0,0,0,0,0,England
HJ Rhodes,1959-1959,2,4,0,0,0,0,0,England
TL Richmond,1921-1921,1,2,0,0,0,0,0,England
FE Rumsey,1964-1965,5,10,0,0,0,0,0,England
CP Schofield,2000-2000,2,4,0,0,0,0,0,England
SS Schultz,1879-1879,1,2,0,0,0,0,0,England
J Shuter,1888-1888,1,2,0,0,0,0,0,England
A Sidebottom,1985-1985,1,1,0,0,0,0,0,England
RA Sinfield,1938-1938,1,2,0,0,0,0,0,England
TF Smailes,1946-1946,1,2,0,0,0,0,0,England
AM Smith,1997-1997,1,1,0,0,0,0,0,England
CA Smith,1889-1889,1,2,0,0,0,0,0,England
DM Smith,1986-1986,2,4,0,0,0,0,0,England
DV Smith,1957-1957,3,6,0,0,0,0,0,England
GA Smithson,1948-1948,2,4,0,0,0,0,0,England
SJ Staples,1928-1928,3,6,0,0,0,0,0,England
JP Stephenson,1989-1989,1,2,0,0,0,0,0,England
GB Stevenson,1980-1981,2,3,0,0,0,0,0,England
FH Sugg,1888-1888,2,4,0,0,0,0,0,England
JP Taylor,1993-1994,2,4,0,0,0,0,0,England
JG Thomas,1986-1986,5,9,0,0,0,0,0,England
CL Townsend,1899-1899,2,4,0,0,0,0,0,England
MF Tremlett,1948-1948,3,6,0,0,0,0,0,England
AE Trott,1899-1899,2,4,0,0,0,0,0,England
EJ Tyler,1896-1896,1,2,0,0,0,0,0,England
GF Vernon,1882-1883,1,2,0,0,0,0,0,England
J Vine,1912-1912,2,4,0,0,0,0,0,England
JJ Warr,1951-1951,2,3,0,0,0,0,0,England
AP Wells,1995-1995,1,1,0,0,0,0,0,England
A Wharton,1949-1949,1,2,0,0,0,0,0,England
DW White,1961-1962,2,4,0,0,0,0,0,England
LL Wilkinson,1938-1939,3,5,0,0,0,0,0,England
NF Williams,1990-1990,1,1,0,0,0,0,0,England
CEM Wilson,1899-1899,2,4,0,0,0,0,0,England
ER Wilson,1921-1921,1,2,0,0,0,0,0,England
CR Woakes,2013-2013,1,2,0,0,0,0,0,England
R Wood,1887-1887,1,2,0,0,0,0,0,England
CW Wright,1896-1896,3,6,0,0,0,0,0,England
EG Wynyard,1896-1906,3,6,0,0,0,0,0,England
MS Dhoni,2005-2014,83,155,263,226,37,226,0,India
R Dravid,1996-2012,163,299,209,209,0,0,209,India
SMH Kirmani,1976-1986,88,151,198,160,38,160,0,India
VVS Laxman,1996-2012,134,248,135,135,0,0,135,India
KS More,1986-1993,49,90,130,110,20,110,0,India
SR Tendulkar,1989-2013,200,366,115,115,0,0,115,India
SM Gavaskar,1971-1987,125,216,108,108,0,0,108,India
NR Mongia,1994-2001,44,77,107,99,8,99,0,India
M Azharuddin,1984-2000,99,177,105,105,0,0,105,India
V Sehwag,2001-2013,103,190,90,90,0,0,90,India
FM Engineer,1961-1975,46,83,82,66,16,66,0,India
DB Vengsarkar,1976-1992,116,202,78,78,0,0,78,India
SC Ganguly,1996-2008,113,208,71,71,0,0,71,India
N Kapil Dev,1978-1994,131,230,64,64,0,0,64,India
GR Viswanath,1969-1983,91,159,63,63,0,0,63,India
A Kumble,1990-2008,132,242,60,60,0,0,60,India
KD Karthik,2004-2010,23,44,56,51,5,45,6,India
ED Solkar,1969-1977,27,50,53,53,0,0,53,India
NS Tamhane,1955-1961,21,35,51,35,16,35,0,India
PA Patel,2002-2008,20,37,49,41,8,41,0,India
M Amarnath,1969-1988,69,115,47,47,0,0,47,India
AL Wadekar,1966-1974,37,69,46,46,0,0,46,India
S Venkataraghavan,1965-1983,57,101,44,44,0,0,44,India
Harbhajan Singh,1998-2013,101,188,42,42,0,0,42,India
K Srikkanth,1981-1992,43,78,40,40,0,0,40,India
CPS Chauhan,1969-1981,40,71,38,38,0,0,38,India
G Gambhir,2004-2012,54,98,38,38,0,0,38,India
CG Borde,1958-1969,55,96,37,37,0,0,37,India
RJ Shastri,1981-1992,80,140,36,36,0,0,36,India
SS Das,2000-2002,23,43,34,34,0,0,34,India
MH Mankad,1946-1959,44,72,33,33,0,0,33,India
PR Umrigar,1948-1962,59,101,33,33,0,0,33,India
S Abid Ali,1967-1974,29,53,32,32,0,0,32,India
PK Sen,1948-1952,14,21,31,20,11,20,0,India
Yuvraj Singh,2003-2012,40,76,31,31,0,0,31,India
BK Kunderan,1960-1967,18,31,30,23,7,21,2,India
W Jaffer,2000-2008,31,58,27,27,0,0,27,India
PG Joshi,1951-1960,12,20,27,18,9,18,0,India
V Kohli,2011-2014,24,46,27,27,0,0,27,India
MAK Pataudi,1961-1975,46,84,27,27,0,0,27,India
BS Bedi,1966-1979,67,121,26,26,0,0,26,India
SV Manjrekar,1987-1996,37,68,26,25,1,0,25,India
RF Surti,1960-1969,26,47,26,26,0,0,26,India
BS Chandrasekhar,1964-1979,58,102,25,25,0,0,25,India
RG Nadkarni,1955-1968,41,73,22,22,0,0,22,India
SK Raina,2010-2012,17,31,22,22,0,0,22,India
J Srinath,1991-2002,67,122,22,22,0,0,22,India
M Vijay,2008-2014,22,43,22,22,0,0,22,India
VL Manjrekar,1951-1965,55,96,21,19,2,2,17,India
DG Phadkar,1947-1959,31,50,21,21,0,0,21,India
M Prabhakar,1984-1995,39,69,20,20,0,0,20,India
GS Ramchand,1952-1960,33,57,20,20,0,0,20,India
Z Khan,2000-2014,92,173,19,19,0,0,19,India
NJ Contractor,1955-1962,31,54,18,18,0,0,18,India
EAS Prasanna,1962-1978,49,88,18,18,0,0,18,India
S Ramesh,1999-2001,19,36,18,18,0,0,18,India
ML Jaisimha,1959-1971,39,72,17,17,0,0,17,India
BP Patel,1974-1977,21,37,17,17,0,0,17,India
KD Ghavri,1974-1981,39,69,16,16,0,0,16,India
CS Pandit,1986-1992,5,9,16,14,2,11,3,India
P Roy,1951-1960,43,72,16,16,0,0,16,India
Yashpal Sharma,1979-1983,37,60,16,16,0,0,16,India
A Chopra,2003-2004,10,19,15,15,0,0,15,India
AD Gaekwad,1974-1985,40,66,15,15,0,0,15,India
S Madan Lal,1974-1986,39,66,15,15,0,0,15,India
MSK Prasad,1999-2000,6,11,15,15,0,15,0,India
SS Dighe,2001-2001,6,11,14,12,2,12,0,India
SA Durani,1960-1973,29,53,14,14,0,0,14,India
SP Gupte,1951-1961,36,61,14,14,0,0,14,India
M Kaif,2000-2006,13,24,14,14,0,0,14,India
L Amarnath,1933-1952,24,38,13,13,0,5,8,India
J Arun Lal,1982-1989,16,30,13,13,0,0,13,India
D Dasgupta,2001-2002,8,15,13,13,0,13,0,India
CA Pujara,2010-2014,19,38,13,13,0,0,13,India
A Ratra,2002-2002,6,11,13,11,2,11,0,India
RK Chauhan,1993-1998,21,36,12,12,0,0,12,India
AV Mankad,1969-1978,22,43,12,12,0,0,12,India
SM Patil,1980-1984,29,49,12,12,0,0,12,India
V Rathour,1996-1997,6,11,12,12,0,0,12,India
I Sharma,2007-2014,55,100,12,12,0,0,12,India
RMH Binny,1979-1987,27,47,11,11,0,0,11,India
Ghulam Ahmed,1948-1959,22,37,11,11,0,0,11,India
Hanumant Singh,1964-1969,14,25,11,11,0,0,11,India
VS Hazare,1946-1953,30,48,11,11,0,0,11,India
B Reddy,1979-1979,4,5,11,9,2,9,0,India
S Viswanath,1985-1985,3,6,11,11,0,11,0,India
Yajurvindra Singh,1977-1979,4,8,11,11,0,0,11,India
DR Doshi,1979-1983,33,57,10,10,0,0,10,India
PP Ojha,2009-2013,24,48,10,10,0,0,10,India
NS Yadav,1979-1987,35,64,10,10,0,0,10,India
PK Amre,1992-1993,11,21,9,9,0,0,9,India
RB Desai,1959-1968,28,45,9,9,0,0,9,India
KS Indrajitsinhji,1964-1969,4,8,9,6,3,6,0,India
RA Jadeja,2012-2014,8,16,9,9,0,0,9,India
Maninder Singh,1982-1993,35,57,9,9,0,0,9,India
MK Mantri,1951-1955,4,8,9,8,1,6,2,India
NS Sidhu,1983-1999,51,90,9,9,0,0,9,India
L Sivaramakrishnan,1983-1986,9,16,9,9,0,0,9,India
V Subramanya,1965-1968,9,15,9,9,0,0,9,India
HR Adhikari,1947-1959,21,30,8,8,0,0,8,India
P Krishnamurthy,1971-1971,5,10,8,7,1,7,0,India
MV Narasimha Rao,1978-1979,4,8,8,8,0,0,8,India
IK Pathan,2003-2008,29,54,8,8,0,0,8,India
RG Sharma,2013-2014,6,12,8,8,0,0,8,India
Dilawar Hussain,1934-1936,3,6,7,6,1,6,0,India
SB Joshi,1996-2000,15,28,7,7,0,0,7,India
VG Kambli,1993-1995,17,30,7,7,0,0,7,India
VM Merchant,1933-1951,10,18,7,7,0,0,7,India
S Mushtaq Ali,1934-1952,11,19,7,7,0,0,7,India
C Sharma,1984-1989,23,40,7,7,0,0,7,India
AB Agarkar,1998-2006,26,48,6,6,0,0,6,India
R Ashwin,2011-2013,19,37,6,6,0,0,6,India
HK Badani,2001-2001,4,7,6,6,0,0,6,India
AA Baig,1959-1967,10,17,6,6,0,0,6,India
V Dahiya,2000-2000,2,4,6,6,0,6,0,India
CV Gadkari,1953-1955,6,10,6,6,0,0,6,India
A Mishra,2008-2011,13,22,6,6,0,0,6,India
MM Patel,2006-2011,13,25,6,6,0,0,6,India
BKV Prasad,1996-2001,33,59,6,6,0,0,6,India
SLV Raju,1990-2001,28,52,6,6,0,0,6,India
WV Raman,1988-1997,11,21,6,6,0,0,6,India
RP Singh,2006-2011,14,25,6,6,0,0,6,India
RV Divecha,1951-1952,5,7,5,5,0,0,5,India
DK Gaekwad,1952-1961,11,17,5,5,0,0,5,India
ND Hirwani,1988-1996,17,31,5,5,0,0,5,India
A Jadeja,1992-2000,15,25,5,5,0,0,5,India
R Lamba,1986-1987,4,7,5,5,0,0,5,India
A Mukund,2011-2011,5,10,5,5,0,0,5,India
A Nehra,1999-2004,17,30,5,5,0,0,5,India
PH Punjabi,1955-1955,5,9,5,5,0,0,5,India
RR Singh,1998-1998,1,2,5,5,0,0,5,India
S Sreesanth,2006-2011,27,50,5,5,0,0,5,India
S Amarnath,1976-1978,10,17,4,4,0,0,4,India
SB Bangar,2001-2002,12,22,4,4,0,0,4,India
JM Ghorpade,1953-1959,8,12,4,4,0,0,4,India
M Jahangir Khan,1932-1936,4,7,4,4,0,0,4,India
AG Kripal Singh,1955-1964,14,25,4,4,0,0,4,India
B Kumar,2013-2013,6,12,4,4,0,0,4,India
CK Nayudu,1932-1936,7,13,4,4,0,0,4,India
CT Patankar,1955-1956,1,2,4,3,1,3,0,India
V Rajindernath,1952-1952,1,2,4,0,4,0,0,India
DN Sardesai,1961-1972,30,55,4,4,0,0,4,India
Surendranath,1958-1961,11,17,4,4,0,0,4,India
L Amar Singh,1932-1936,7,13,3,3,0,0,3,India
KBJ Azad,1981-1983,7,14,3,3,0,0,3,India
SA Banerjee,1948-1949,1,2,3,3,0,0,3,India
S Dhawan,2013-2014,7,14,3,3,0,0,3,India
DJ Gandhi,1999-1999,4,8,3,3,0,0,3,India
MJ Gopalan,1934-1934,1,2,3,3,0,0,3,India
Gul Mohammad,1946-1952,8,11,3,3,0,0,3,India
MS Hardikar,1958-1958,2,4,3,3,0,0,3,India
DD Hindlekar,1936-1946,4,7,3,3,0,3,0,India
JK Irani,1947-1947,2,2,3,2,1,2,0,India
ES Maka,1952-1953,2,3,3,2,1,2,0,India
RS Modi,1946-1952,10,16,3,3,0,0,3,India
CS Nayudu,1934-1952,11,17,3,3,0,0,3,India
AM Rahane,2013-2014,5,10,3,3,0,0,3,India
R Vijay Bharadwaj,1999-2000,3,5,3,3,0,0,3,India
V Yadav,1993-1993,1,2,3,1,2,1,0,India
ML Apte,1952-1953,7,12,2,2,0,0,2,India
Arshad Ayub,1987-1989,13,24,2,2,0,0,2,India
B Arun,1986-1987,2,3,2,2,0,0,2,India
S Badrinath,2010-2010,2,3,2,2,0,0,2,India
SHM Colah,1932-1933,2,4,2,2,0,0,2,India
CD Gopinath,1951-1960,8,14,2,2,0,0,2,India
GM Guard,1958-1960,2,4,2,2,0,0,2,India
S Guha,1967-1969,4,8,2,2,0,0,2,India
Gursharan Singh,1990-1990,1,2,2,2,0,0,2,India
RJD Jamshedji,1933-1933,1,2,2,2,0,0,2,India
M Kartik,2000-2004,8,15,2,2,0,0,2,India
P Kumar,2011-2011,6,11,2,2,0,0,2,India
VV Kumar,1961-1961,2,4,2,2,0,0,2,India
AO Malhotra,1982-1985,7,11,2,2,0,0,2,India
AG Milkha Singh,1960-1961,4,7,2,2,0,0,2,India
M Nissar,1932-1936,6,11,2,2,0,0,2,India
JM Patel,1955-1960,7,11,2,2,0,0,2,India
Yuvraj of Patiala,1934-1934,1,2,2,2,0,0,2,India
WP Saha,2010-2012,2,3,2,2,0,2,0,India
G Sharma,1985-1990,5,9,2,2,0,0,2,India
SW Sohoni,1946-1951,4,6,2,2,0,0,2,India
UT Yadav,2011-2012,9,16,2,2,0,0,2,India
SV Bahutule,2001-2001,2,3,1,1,0,0,1,India
L Balaji,2003-2005,8,15,1,1,0,0,1,India
P Bhandari,1955-1956,3,6,1,1,0,0,1,India
PP Chawla,2006-2012,3,6,1,1,0,0,1,India
HT Dani,1952-1952,1,2,1,1,0,0,1,India
A Gandotra,1969-1969,2,4,1,1,0,0,1,India
AR Kapoor,1994-1996,4,7,1,1,0,0,1,India
AH Kardar,1946-1946,3,5,1,1,0,0,1,India
SS Karim,2000-2000,1,2,1,1,0,1,0,India
RB Kenny,1958-1960,5,8,1,1,0,0,1,India
G Kishenchand,1947-1952,5,5,1,1,0,0,1,India
NM Kulkarni,1997-2001,3,3,1,1,0,0,1,India
RR Kulkarni,1986-1987,3,6,1,1,0,0,1,India
Lall Singh,1932-1932,1,2,1,1,0,0,1,India
KR Meherhomji,1936-1936,1,1,1,1,0,1,0,India
VL Mehra,1955-1964,8,16,1,1,0,0,1,India
PL Mhambrey,1996-1996,2,4,1,1,0,0,1,India
Mohammed Shami,2013-2014,6,12,1,1,0,0,1,India
JG Navle,1932-1933,2,4,1,1,0,1,0,India
SV Nayak,1982-1982,2,3,1,1,0,0,1,India
GAHM Parkar,1982-1982,1,2,1,1,0,0,1,India
RGM Patel,1988-1988,1,2,1,1,0,0,1,India
SR Patil,1955-1955,1,2,1,1,0,0,1,India
LS Rajput,1985-1985,2,4,1,1,0,0,1,India
L Ramji,1933-1933,1,2,1,1,0,0,1,India
KM Rangnekar,1947-1948,3,4,1,1,0,0,1,India
VB Ranjane,1958-1964,7,14,1,1,0,0,1,India
MR Rege,1949-1949,1,1,1,1,0,0,1,India
BS Sandhu,1983-1983,8,11,1,1,0,0,1,India
Sarandeep Singh,2000-2002,3,5,1,1,0,0,1,India
AK Sharma,1988-1988,1,2,1,1,0,0,1,India
PH Sharma,1974-1977,5,7,1,1,0,0,1,India
SK Sharma,1988-1990,2,4,1,1,0,0,1,India
RH Shodhan,1952-1953,3,6,1,1,0,0,1,India
IR Siddiqui,2001-2001,1,2,1,1,0,0,1,India
R Singh,1999-1999,1,2,1,1,0,0,1,India
VRV Singh,2006-2007,5,10,1,1,0,0,1,India
M Venkataramana,1989-1989,1,2,1,1,0,0,1,India
Vizianagram,1936-1936,3,5,1,1,0,0,1,India
AS Wassan,1990-1990,4,7,1,1,0,0,1,India
S Wazir Ali,1932-1936,7,13,1,1,0,0,1,India
T Yohannan,2001-2002,3,6,1,1,0,0,1,India
VR Aaron,2011-2011,1,2,0,0,0,0,0,India
Amir Elahi,1947-1947,1,1,0,0,0,0,0,India
SA Ankola,1989-1989,1,2,0,0,0,0,0,India
AL Apte,1959-1959,1,1,0,0,0,0,0,India
SN Banerjee,1949-1949,1,2,0,0,0,0,0,India
ST Banerjee,1992-1992,1,2,0,0,0,0,0,India
M Baqa Jilani,1936-1936,1,2,0,0,0,0,0,India
AR Bhat,1983-1983,2,3,0,0,0,0,0,India
N Chopra,2000-2000,1,1,0,0,0,0,0,India
NR Chowdhury,1949-1951,2,3,0,0,0,0,0,India
HG Gaekwad,1952-1952,1,1,0,0,0,0,0,India
D Ganesh,1997-1997,4,7,0,0,0,0,0,India
BP Gupte,1961-1965,3,5,0,0,0,0,0,India
Harvinder Singh,1998-2001,3,6,0,0,0,0,0,India
KC Ibrahim,1948-1949,4,6,0,0,0,0,0,India
LP Jai,1933-1933,1,2,0,0,0,0,0,India
HK Jayantilal,1971-1971,1,2,0,0,0,0,0,India
DJ Johnson,1996-1996,2,4,0,0,0,0,0,India
HH Kanitkar,1999-2000,2,3,0,0,0,0,0,India
HS Kanitkar,1974-1974,2,3,0,0,0,0,0,India
UN Kulkarni,1967-1968,4,8,0,0,0,0,0,India
A Kuruvilla,1997-1997,10,15,0,0,0,0,0,India
A Mithun,2010-2011,4,8,0,0,0,0,0,India
DS Mohanty,1997-1997,2,4,0,0,0,0,0,India
VM Muddiah,1959-1960,2,3,0,0,0,0,0,India
SS Naik,1974-1975,3,4,0,0,0,0,0,India
Naoomal Jaoomal,1932-1934,3,6,0,0,0,0,0,India
S Nazir Ali,1932-1934,2,4,0,0,0,0,0,India
S Nyalchand,1952-1952,1,1,0,0,0,0,0,India
AM Pai,1969-1969,1,2,0,0,0,0,0,India
PE Palia,1932-1936,2,4,0,0,0,0,0,India
RD Parkar,1972-1973,2,4,0,0,0,0,0,India
DD Parsana,1979-1979,2,4,0,0,0,0,0,India
Nawab of Pataudi snr,1946-1946,3,5,0,0,0,0,0,India
RR Powar,2007-2007,2,4,0,0,0,0,0,India
K Rai Singh,1948-1948,1,2,0,0,0,0,0,India
Rajinder Pal,1964-1964,1,2,0,0,0,0,0,India
C Ramaswami,1936-1936,2,3,0,0,0,0,0,India
CR Rangachari,1948-1948,4,4,0,0,0,0,0,India
V Razdan,1989-1989,2,2,0,0,0,0,0,India
AK Roy,1969-1969,4,8,0,0,0,0,0,India
RL Sanghvi,2001-2001,1,2,0,0,0,0,0,India
CT Sarwate,1946-1951,9,13,0,0,0,0,0,India
RC Saxena,1967-1967,1,2,0,0,0,0,0,India
TAP Sekhar,1983-1983,2,2,0,0,0,0,0,India
AK Sengupta,1959-1959,1,2,0,0,0,0,0,India
SG Shinde,1946-1952,7,13,0,0,0,0,0,India
RC Shukla,1982-1982,1,2,0,0,0,0,0,India
MM Sood,1960-1960,1,1,0,0,0,0,0,India
TE Srinivasan,1981-1981,1,2,0,0,0,0,0,India
GR Sunderam,1955-1956,2,4,0,0,0,0,0,India
VN Swamy,1955-1955,1,2,0,0,0,0,0,India
KK Tarapore,1948-1948,1,1,0,0,0,0,0,India
JD Unadkat,2010-2010,1,1,0,0,0,0,0,India
R Vinay Kumar,2012-2012,1,1,0,0,0,0,0,India
B Yograj Singh,1981-1981,1,2,0,0,0,0,0,India
AC Parore,1990-2002,78,138,204,197,7,194,3,New Zealand
BB McCullum,2004-2014,84,153,194,183,11,168,15,New Zealand
IDS Smith,1980-1992,63,109,176,168,8,168,0,New Zealand
SP Fleming,1994-2008,111,199,171,171,0,0,171,New Zealand
KJ Wadsworth,1969-1976,33,59,96,92,4,92,0,New Zealand
LRPL Taylor,2007-2014,54,99,90,90,0,0,90,New Zealand
MD Crowe,1982-1995,77,130,71,71,0,0,71,New Zealand
NJ Astle,1996-2006,81,147,70,70,0,0,70,New Zealand
JV Coney,1974-1987,52,97,64,64,0,0,64,New Zealand
BJ Watling,2009-2014,21,39,64,64,0,54,10,New Zealand
WK Lees,1976-1983,21,42,59,52,7,52,0,New Zealand
DL Vettori,1997-2012,111,201,58,58,0,0,58,New Zealand
BA Young,1993-1999,35,58,54,54,0,0,54,New Zealand
AE Dick,1961-1965,17,30,51,47,4,47,0,New Zealand
BE Congdon,1965-1978,61,110,44,44,0,1,43,New Zealand
JR Reid,1949-1965,58,90,44,43,1,4,39,New Zealand
GM Turner,1969-1983,41,75,42,42,0,0,42,New Zealand
JJ Crowe,1983-1990,39,69,41,41,0,0,41,New Zealand
Sir RJ Hadlee,1973-1990,86,156,39,39,0,0,39,New Zealand
JG Wright,1978-1993,82,145,38,38,0,0,38,New Zealand
MG Burgess,1968-1980,50,94,34,34,0,0,34,New Zealand
MJ Guptill,2009-2013,31,58,33,33,0,0,33,New Zealand
HJ Howarth,1969-1977,30,55,33,33,0,0,33,New Zealand
KR Rutherford,1985-1995,56,95,32,32,0,0,32,New Zealand
JG Bracewell,1980-1990,41,73,31,31,0,0,31,New Zealand
MS Sinclair,1999-2010,33,61,31,31,0,1,30,New Zealand
BL Cairns,1974-1985,43,78,30,30,0,0,30,New Zealand
RG Hart,2002-2003,11,18,30,29,1,29,0,New Zealand
FLH Mooney,1949-1954,14,23,30,22,8,22,0,New Zealand
JM Parker,1973-1980,36,65,30,30,0,0,30,New Zealand
LK Germon,1995-1997,12,19,29,27,2,27,0,New Zealand
GP Howarth,1975-1985,47,86,29,29,0,0,29,New Zealand
KS Williamson,2010-2014,31,57,28,28,0,0,28,New Zealand
MJ Greatbatch,1988-1996,41,64,27,27,0,0,27,New Zealand
MH Richardson,2000-2004,38,68,26,26,0,0,26,New Zealand
AH Jones,1987-1995,39,62,25,25,0,0,25,New Zealand
EC Petrie,1955-1966,14,18,25,25,0,25,0,New Zealand
PG Fulton,2006-2014,22,40,24,24,0,0,24,New Zealand
CFK van Wyk,2012-2012,9,17,24,23,1,23,0,New Zealand
GT Dowling,1961-1972,39,71,23,23,0,0,23,New Zealand
BF Hastings,1969-1976,31,54,23,23,0,0,23,New Zealand
SB Styris,2002-2007,29,51,23,23,0,0,23,New Zealand
CD McMillan,1997-2005,55,99,22,22,0,0,22,New Zealand
TE Blain,1986-1994,11,17,21,19,2,18,1,New Zealand
BAG Murray,1968-1971,13,25,21,21,0,0,21,New Zealand
CM Spearman,1995-2000,19,38,21,21,0,0,21,New Zealand
B Sutcliffe,1947-1965,42,61,20,20,0,0,20,New Zealand
MD Bell,1998-2008,18,33,19,19,0,0,19,New Zealand
V Pollard,1965-1973,32,57,19,19,0,0,19,New Zealand
L Vincent,2001-2007,23,41,19,19,0,0,19,New Zealand
JM How,2006-2009,19,32,18,18,0,0,18,New Zealand
DG Brownlie,2011-2013,14,25,17,17,0,0,17,New Zealand
MJ Horne,1997-2003,35,65,17,17,0,0,17,New Zealand
TG Southee,2008-2014,31,58,17,17,0,0,17,New Zealand
JT Ward,1964-1968,8,15,17,16,1,16,0,New Zealand
SB Doull,1992-2000,32,53,16,16,0,0,16,New Zealand
KC James,1930-1933,11,16,16,11,5,11,0,New Zealand
JDP Oram,2002-2009,33,60,15,15,0,0,15,New Zealand
DN Patel,1987-1997,37,62,15,15,0,0,15,New Zealand
DR Tuffey,2000-2010,26,46,15,15,0,0,15,New Zealand
SL Boock,1978-1989,30,54,14,14,0,0,14,New Zealand
CL Cairns,1989-2004,62,110,14,14,0,0,14,New Zealand
BA Edgar,1978-1986,39,72,14,14,0,3,11,New Zealand
CZ Harris,1992-2002,23,38,14,14,0,0,14,New Zealand
CS Martin,2000-2013,71,128,14,14,0,0,14,New Zealand
DK Morrison,1987-1997,48,76,14,14,0,0,14,New Zealand
AR MacGibbon,1951-1958,26,38,13,13,0,0,13,New Zealand
DJ Nash,1992-2001,32,56,13,13,0,0,13,New Zealand
JEC Franklin,2001-2013,31,56,12,12,0,0,12,New Zealand
RW Morgan,1965-1972,20,37,12,12,0,0,12,New Zealand
JS Patel,2006-2013,19,33,12,12,0,0,12,New Zealand
JD Ryder,2008-2011,18,32,12,12,0,0,12,New Zealand
BW Yuile,1963-1969,17,29,12,12,0,0,12,New Zealand
RI Harford,1968-1968,3,6,11,11,0,11,0,New Zealand
MHW Papps,2004-2007,8,14,11,11,0,0,11,New Zealand
PJ Wiseman,1998-2005,25,48,11,11,0,0,11,New Zealand
ME Chapple,1953-1966,14,26,10,10,0,0,10,New Zealand
RO Collinge,1965-1978,35,63,10,10,0,0,10,New Zealand
DR Flynn,2008-2013,24,40,10,10,0,0,10,New Zealand
TG McIntosh,2008-2011,17,32,10,10,0,0,10,New Zealand
BR Taylor,1965-1973,30,55,10,10,0,0,10,New Zealand
MN Hart,1994-1995,14,22,9,9,0,0,9,New Zealand
GJ Hopkins,2008-2010,4,6,9,9,0,9,0,New Zealand
SN McGregor,1955-1965,25,39,9,9,0,0,9,New Zealand
JFM Morrison,1973-1982,17,29,9,9,0,0,9,New Zealand
RC Motz,1961-1969,32,58,9,9,0,0,9,New Zealand
JF Reid,1979-1986,19,35,9,9,0,0,9,New Zealand
GA Bartlett,1961-1968,10,18,8,8,0,0,8,New Zealand
SE Bond,2001-2009,18,32,8,8,0,0,8,New Zealand
TA Boult,2011-2014,22,40,8,8,0,0,8,New Zealand
HB Cave,1949-1958,19,27,8,8,0,0,8,New Zealand
TJ Franklin,1983-1991,21,35,8,8,0,0,8,New Zealand
DR Hadlee,1969-1978,26,45,8,8,0,0,8,New Zealand
TC Lowry,1930-1931,7,11,8,8,0,0,8,New Zealand
TG McMahon,1955-1956,5,6,8,7,1,7,0,New Zealand
BD Milburn,1969-1969,3,5,8,6,2,6,0,New Zealand
HD Rutherford,2013-2014,12,23,8,8,0,0,8,New Zealand
BW Sinclair,1963-1968,21,37,8,8,0,0,8,New Zealand
ML Su'a,1992-1995,13,22,8,8,0,0,8,New Zealand
RA Young,2011-2011,5,10,8,8,0,8,0,New Zealand
JC Alabaster,1955-1972,21,35,7,7,0,0,7,New Zealand
EJ Chatfield,1975-1989,43,75,7,7,0,0,7,New Zealand
MP Donnelly,1937-1949,7,12,7,7,0,0,7,New Zealand
GN Edwards,1977-1981,8,13,7,7,0,7,0,New Zealand
IE O'Brien,2005-2009,22,38,7,7,0,0,7,New Zealand
VJ Scott,1946-1952,10,14,7,7,0,0,7,New Zealand
MC Snedden,1981-1990,25,42,7,7,0,0,7,New Zealand
SA Thomson,1990-1995,19,31,7,7,0,0,7,New Zealand
EWT Tindill,1937-1947,5,8,7,6,1,6,0,New Zealand
GE Bradburn,1990-2001,7,11,6,6,0,0,6,New Zealand
EJ Gray,1983-1988,10,17,6,6,0,0,6,New Zealand
WA Hadlee,1937-1951,11,17,6,6,0,0,6,New Zealand
PGZ Harris,1955-1965,9,15,6,6,0,0,6,New Zealand
DJ Murray,1994-1995,8,14,6,6,0,0,6,New Zealand
SB O'Connor,1997-2001,19,35,6,6,0,0,6,New Zealand
ML Page,1930-1937,14,22,6,6,0,0,6,New Zealand
RW Blair,1953-1964,19,28,5,5,0,0,5,New Zealand
RC Blunt,1930-1932,9,14,5,5,0,0,5,New Zealand
DAJ Bracewell,2011-2013,18,33,5,5,0,0,5,New Zealand
SC Guillen,1956-1956,3,5,5,4,1,4,0,New Zealand
BR Hartland,1992-1994,9,15,5,5,0,0,5,New Zealand
GR Larsen,1994-1996,8,15,5,5,0,0,5,New Zealand
RT Latham,1992-1993,4,8,5,5,0,0,5,New Zealand
PE McEwan,1980-1984,4,8,5,5,0,0,5,New Zealand
JAH Marshall,2005-2008,7,13,5,5,0,0,5,New Zealand
BA Pocock,1993-1997,15,24,5,5,0,0,5,New Zealand
GO Rabone,1949-1955,12,19,5,5,0,0,5,New Zealand
AJ Redmond,2008-2013,8,12,5,5,0,0,5,New Zealand
RG Twose,1995-1999,16,28,5,5,0,0,5,New Zealand
WM Wallace,1937-1953,13,20,5,5,0,0,5,New Zealand
CJ Anderson,2013-2014,7,14,4,4,0,0,4,New Zealand
PT Barton,1961-1963,7,11,4,4,0,0,4,New Zealand
IG Butler,2002-2004,8,14,4,4,0,0,4,New Zealand
IA Colquhoun,1955-1955,2,3,4,4,0,4,0,New Zealand
HT Davis,1994-1997,5,9,4,4,0,0,4,New Zealand
CJ Drum,2001-2002,5,9,4,4,0,0,4,New Zealand
JL Kerr,1931-1937,7,10,4,4,0,0,4,New Zealand
KD Mills,2004-2009,19,33,4,4,0,0,4,New Zealand
PJ Petherick,1976-1977,6,12,4,4,0,0,4,New Zealand
WR Playle,1958-1963,8,10,4,4,0,0,4,New Zealand
ADG Roberts,1976-1976,7,14,4,4,0,0,4,New Zealand
AW Roberts,1930-1937,5,9,4,4,0,0,4,New Zealand
JTC Vaughan,1992-1997,6,9,4,4,0,0,4,New Zealand
HG Vivian,1931-1937,7,11,4,4,0,0,4,New Zealand
N Wagner,2012-2014,14,26,4,4,0,0,4,New Zealand
W Watson,1986-1993,15,26,4,4,0,0,4,New Zealand
CFW Allcott,1930-1932,6,9,3,3,0,0,3,New Zealand
BJ Arnel,2010-2012,6,12,3,3,0,0,3,New Zealand
GP Bilby,1966-1966,2,3,3,3,0,0,3,New Zealand
VR Brown,1985-1985,2,4,3,3,0,0,3,New Zealand
J Cowie,1937-1949,9,14,3,3,0,0,3,New Zealand
CD Cumming,2005-2008,11,20,3,3,0,0,3,New Zealand
GR Dickinson,1930-1932,3,6,3,3,0,0,3,New Zealand
JA Hayes,1951-1958,15,20,3,3,0,0,3,New Zealand
PA Horne,1987-1990,4,7,3,3,0,0,3,New Zealand
TW Jarvis,1965-1973,13,24,3,3,0,0,3,New Zealand
DAR Moloney,1937-1937,3,6,3,3,0,0,3,New Zealand
MB Owens,1992-1994,8,12,3,3,0,0,3,New Zealand
C Pringle,1990-1995,14,24,3,3,0,0,3,New Zealand
JT Sparling,1958-1964,11,16,3,3,0,0,3,New Zealand
GE Vivian,1965-1972,5,10,3,3,0,0,3,New Zealand
GL Weir,1930-1937,11,16,3,3,0,0,3,New Zealand
GI Allott,1996-1999,10,16,2,2,0,0,2,New Zealand
DD Beard,1952-1956,4,7,2,2,0,0,2,New Zealand
WP Bradburn,1964-1964,2,4,2,2,0,0,2,New Zealand
TB Burtt,1947-1953,10,14,2,2,0,0,2,New Zealand
FJ Cameron,1961-1965,19,35,2,2,0,0,2,New Zealand
CS Dempster,1930-1933,10,15,2,2,0,0,2,New Zealand
JA Dunning,1933-1937,4,7,2,2,0,0,2,New Zealand
GD Elliott,2008-2009,5,9,2,2,0,0,2,New Zealand
JW Guy,1955-1961,12,15,2,2,0,0,2,New Zealand
MJ Haslam,1992-1995,4,6,2,2,0,0,2,New Zealand
RJ Kennedy,1996-1996,4,8,2,2,0,0,2,New Zealand
IB Leggat,1954-1954,1,2,2,2,0,0,2,New Zealand
AM Matheson,1930-1931,2,3,2,2,0,0,2,New Zealand
WE Merritt,1930-1931,6,10,2,2,0,0,2,New Zealand
AM Moir,1951-1959,17,21,2,2,0,0,2,New Zealand
RJ Nicol,2012-2012,2,4,2,2,0,0,2,New Zealand
DR O'Sullivan,1973-1976,11,19,2,2,0,0,2,New Zealand
NM Parker,1976-1976,3,6,2,2,0,0,2,New Zealand
MJF Shrimpton,1963-1974,10,17,2,2,0,0,2,New Zealand
IS Sodhi,2013-2014,6,12,2,2,0,0,2,New Zealand
GR Stead,1999-1999,5,9,2,2,0,0,2,New Zealand
DD Taylor,1947-1956,3,5,2,2,0,0,2,New Zealand
GB Troup,1976-1986,15,28,2,2,0,0,2,New Zealand
PN Webb,1980-1980,2,4,2,2,0,0,2,New Zealand
AR Adams,2002-2002,1,2,1,1,0,0,1,New Zealand
RW Anderson,1976-1978,9,16,1,1,0,0,1,New Zealand
WM Anderson,1946-1946,1,1,1,1,0,0,1,New Zealand
B Andrews,1973-1974,2,3,1,1,0,0,1,New Zealand
FT Badcock,1930-1933,7,10,1,1,0,0,1,New Zealand
RT Barber,1956-1956,1,2,1,1,0,0,1,New Zealand
W Bell,1954-1954,2,4,1,1,0,0,1,New Zealand
BA Bolton,1959-1959,2,2,1,1,0,0,1,New Zealand
BP Bracewell,1978-1985,6,11,1,1,0,0,1,New Zealand
IB Cromb,1931-1932,5,7,1,1,0,0,1,New Zealand
RS Cunis,1964-1972,20,38,1,1,0,0,1,New Zealand
EW Dempster,1953-1954,5,9,1,1,0,0,1,New Zealand
MR Gillespie,2007-2012,5,8,1,1,0,0,1,New Zealand
M Henderson,1930-1930,1,2,1,1,0,0,1,New Zealand
KW Hough,1959-1959,2,2,1,1,0,0,1,New Zealand
CM Kuggeleijn,1988-1988,2,4,1,1,0,0,1,New Zealand
AF Lissette,1956-1956,2,2,1,1,0,0,1,New Zealand
HJH Marshall,2000-2006,13,23,1,1,0,0,1,New Zealand
LSM Miller,1953-1958,13,20,1,1,0,0,1,New Zealand
JE Mills,1930-1933,7,10,1,1,0,0,1,New Zealand
BD Morrison,1963-1963,1,1,1,1,0,0,1,New Zealand
GWF Overton,1953-1954,3,5,1,1,0,0,1,New Zealand
MB Poore,1953-1956,14,20,1,1,0,0,1,New Zealand
N Puna,1966-1966,3,5,1,1,0,0,1,New Zealand
CG Rowe,1946-1946,1,1,1,1,0,0,1,New Zealand
IM Sinclair,1956-1956,2,3,1,1,0,0,1,New Zealand
FB Smith,1947-1952,4,7,1,1,0,0,1,New Zealand
DA Stirling,1984-1986,6,11,1,1,0,0,1,New Zealand
PB Truscott,1965-1965,1,2,1,1,0,0,1,New Zealand
TD Astle,2012-2012,1,2,0,0,0,0,0,New Zealand
JEF Beck,1953-1956,8,14,0,0,0,0,0,New Zealand
HK Bennett,2010-2010,1,2,0,0,0,0,0,New Zealand
C Burke,1946-1946,1,1,0,0,0,0,0,New Zealand
LA Butterfield,1946-1946,1,1,0,0,0,0,0,New Zealand
DC Cleverley,1932-1946,2,2,0,0,0,0,0,New Zealand
GF Cresswell,1949-1951,3,4,0,0,0,0,0,New Zealand
JW D'Arcy,1958-1958,5,6,0,0,0,0,0,New Zealand
RP de Groen,1993-1994,5,7,0,0,0,0,0,New Zealand
RWG Emery,1952-1952,2,3,0,0,0,0,0,New Zealand
FE Fisher,1953-1953,1,1,0,0,0,0,0,New Zealand
H Foley,1930-1930,1,2,0,0,0,0,0,New Zealand
DL Freeman,1933-1933,2,2,0,0,0,0,0,New Zealand
N Gallichan,1937-1937,1,2,0,0,0,0,0,New Zealand
SG Gedye,1964-1965,4,8,0,0,0,0,0,New Zealand
SR Gillespie,1986-1986,1,1,0,0,0,0,0,New Zealand
NS Harford,1955-1958,8,11,0,0,0,0,0,New Zealand
RM Harris,1959-1959,2,2,0,0,0,0,0,New Zealand
PJ Ingram,2010-2010,2,4,0,0,0,0,0,New Zealand
RA Jones,2003-2003,1,2,0,0,0,0,0,New Zealand
TWM Latham,2014-2014,1,2,0,0,0,0,0,New Zealand
JG Leggat,1952-1956,9,10,0,0,0,0,0,New Zealand
GR Loveridge,1996-1996,1,2,0,0,0,0,0,New Zealand
HM McGirr,1930-1930,2,3,0,0,0,0,0,New Zealand
AJ McKay,2010-2010,1,1,0,0,0,0,0,New Zealand
EG McLeod,1930-1930,1,2,0,0,0,0,0,New Zealand
DAN McRae,1946-1946,1,1,0,0,0,0,0,New Zealand
BP Martin,2013-2013,5,9,0,0,0,0,0,New Zealand
MJ Mason,2004-2004,1,2,0,0,0,0,0,New Zealand
T Meale,1958-1958,2,3,0,0,0,0,0,New Zealand
EM Meuli,1953-1953,1,1,0,0,0,0,0,New Zealand
C Munro,2013-2013,1,1,0,0,0,0,0,New Zealand
JDS Neesham,2014-2014,1,2,0,0,0,0,0,New Zealand
J Newman,1932-1933,3,3,0,0,0,0,0,New Zealand
MW Priest,1990-1998,3,5,0,0,0,0,0,New Zealand
RE Redmond,1973-1973,1,2,0,0,0,0,0,New Zealand
GK Robertson,1986-1986,1,2,0,0,0,0,0,New Zealand
RH Scott,1947-1947,1,1,0,0,0,0,0,New Zealand
DG Sewell,1997-1997,1,2,0,0,0,0,0,New Zealand
HD Smith,1933-1933,1,1,0,0,0,0,0,New Zealand
CA Snedden,1947-1947,1,1,0,0,0,0,0,New Zealand
K Thomson,1968-1968,2,4,0,0,0,0,0,New Zealand
RH Vance,1988-1989,4,4,0,0,0,0,0,New Zealand
BGK Walker,2000-2002,5,8,0,0,0,0,0,New Zealand
KP Walmsley,1995-2000,3,6,0,0,0,0,0,New Zealand
L Watt,1955-1955,1,2,0,0,0,0,0,New Zealand
MG Webb,1971-1974,3,6,0,0,0,0,0,New Zealand
DJ White,1990-1990,2,3,0,0,0,0,0,New Zealand
PE Whitelaw,1933-1933,2,2,0,0,0,0,0,New Zealand
Wasim Bari,1967-1984,81,146,228,201,27,201,0,Pakistan
Kamran Akmal,2002-2010,53,99,206,184,22,184,0,Pakistan
Moin Khan,1990-2004,69,124,148,128,20,127,1,Pakistan
Rashid Latif,1992-2003,37,69,130,119,11,119,0,Pakistan
Saleem Yousuf,1982-1990,32,58,104,91,13,91,0,Pakistan
Younis Khan,2000-2014,89,165,98,98,0,0,98,Pakistan
Javed Miandad,1976-1993,124,218,94,93,1,0,93,Pakistan
Imtiaz Ahmed,1952-1962,41,69,93,77,16,74,3,Pakistan
Inzamam-ul-Haq,1992-2007,119,217,81,81,0,0,81,Pakistan
Adnan Akmal,2010-2014,21,41,77,66,11,66,0,Pakistan
Majid Khan,1964-1983,63,116,70,70,0,5,65,Pakistan
Mohammad Yousuf,1998-2010,90,168,65,65,0,0,65,Pakistan
Saleem Malik,1982-1999,103,184,65,65,0,0,65,Pakistan
Mudassar Nazar,1976-1989,76,133,48,48,0,0,48,Pakistan
Taufeeq Umar,2001-2012,43,81,47,47,0,4,43,Pakistan
Ijaz Ahmed,1987-2001,60,110,45,45,0,0,45,Pakistan
Wasim Akram,1985-2002,104,186,44,44,0,0,44,Pakistan
Iqbal Qasim,1976-1988,50,89,42,42,0,0,42,Pakistan
Mushtaq Mohammad,1959-1979,57,102,42,42,0,0,42,Pakistan
Hanif Mohammad,1952-1969,55,95,40,40,0,2,38,Pakistan
Imran Farhat,2001-2013,40,72,40,40,0,0,40,Pakistan
Misbah-ul-Haq,2001-2014,46,87,37,37,0,0,37,Pakistan
Aamer Sohail,1992-2000,47,87,36,36,0,0,36,Pakistan
Asif Iqbal,1964-1980,58,110,36,36,0,0,36,Pakistan
Mohsin Khan,1978-1986,48,83,34,34,0,0,34,Pakistan
Rameez Raja,1984-1997,57,103,34,34,0,0,34,Pakistan
Zaheer Abbas,1969-1985,78,139,34,34,0,0,34,Pakistan
Imran Khan,1971-1992,88,158,28,28,0,0,28,Pakistan
Sadiq Mohammad,1969-1981,41,74,28,28,0,0,28,Pakistan
Azhar Ali,2010-2014,32,61,27,27,0,0,27,Pakistan
Mohammad Hafeez,2003-2014,36,70,26,26,0,0,26,Pakistan
Sarfraz Nawaz,1969-1984,55,98,26,26,0,0,26,Pakistan
Anil Dalpat,1984-1985,9,15,25,22,3,22,0,Pakistan
Mohammad Wasim,1996-2000,18,32,24,22,2,1,21,Pakistan
Mushtaq Ahmed,1990-2003,52,94,23,23,0,0,23,Pakistan
Asad Shafiq,2010-2014,26,50,22,22,0,0,22,Pakistan
Ashraf Ali,1982-1987,8,14,22,17,5,17,0,Pakistan
Faisal Iqbal,2001-2010,26,46,22,22,0,0,22,Pakistan
W Mathias,1955-1962,21,36,22,22,0,0,22,Pakistan
Shoaib Mohammad,1983-1995,45,79,22,22,0,0,22,Pakistan
Intikhab Alam,1959-1977,47,87,20,20,0,0,20,Pakistan
Wasim Raja,1973-1985,57,98,20,20,0,0,20,Pakistan
Yasir Hameed,2003-2010,25,47,20,20,0,0,20,Pakistan
Asif Mujtaba,1986-1997,25,44,19,19,0,0,19,Pakistan
Danish Kaneria,2000-2010,61,115,18,18,0,0,18,Pakistan
Saeed Anwar,1990-2001,55,101,18,18,0,0,18,Pakistan
Waqar Younis,1989-2003,87,158,18,18,0,0,18,Pakistan
Aamer Malik,1987-1994,14,26,16,15,1,4,11,Pakistan
Haroon Rasheed,1977-1983,23,41,16,16,0,0,16,Pakistan
Shoaib Malik,2001-2010,32,61,16,16,0,0,16,Pakistan
Abdul Qadir,1977-1990,67,117,15,15,0,0,15,Pakistan
Abdul Razzaq,1999-2006,46,85,15,15,0,0,15,Pakistan
AH Kardar,1952-1958,23,40,15,15,0,0,15,Pakistan
Qasim Umar,1983-1986,26,42,15,15,0,0,15,Pakistan
Saqlain Mushtaq,1995-2004,49,87,15,15,0,0,15,Pakistan
Azhar Mahmood,1997-2001,21,37,14,14,0,0,14,Pakistan
Sarfraz Ahmed,2010-2014,6,11,14,14,0,14,0,Pakistan
Maqsood Ahmed,1952-1955,16,27,13,13,0,0,13,Pakistan
Saeed Ahmed,1958-1973,41,70,13,13,0,0,13,Pakistan
Salman Butt,2003-2010,33,63,12,12,0,0,12,Pakistan
Shoaib Akhtar,1997-2007,46,86,12,12,0,0,12,Pakistan
Umar Akmal,2009-2011,16,31,12,12,0,0,12,Pakistan
Fazal Mahmood,1952-1962,34,56,11,11,0,0,11,Pakistan
Nasim-ul-Ghani,1958-1973,29,49,11,11,0,0,11,Pakistan
Saeed Ajmal,2009-2014,33,63,11,11,0,0,11,Pakistan
Saleem Elahi,1995-2003,13,23,11,10,1,0,10,Pakistan
Shadab Kabir,1996-2002,5,9,11,11,0,0,11,Pakistan
Umar Gul,2003-2013,47,91,11,11,0,0,11,Pakistan
Asim Kamal,2003-2005,12,23,10,10,0,0,10,Pakistan
Shahid Afridi,1998-2010,27,52,10,10,0,0,10,Pakistan
Waqar Hasan,1952-1959,21,36,10,10,0,0,10,Pakistan
Zulqarnain,1986-1986,3,6,10,8,2,8,0,Pakistan
Mansoor Akhtar,1980-1990,19,34,9,9,0,0,9,Pakistan
Naushad Ali,1965-1965,6,11,9,9,0,9,0,Pakistan
Pervez Sajjad,1964-1973,19,37,9,9,0,0,9,Pakistan
Taslim Arif,1980-1980,6,10,9,6,3,6,0,Pakistan
Tauseef Ahmed,1980-1993,34,62,9,9,0,0,9,Pakistan
Abdur Rehman,2007-2014,20,40,8,8,0,0,8,Pakistan
Akram Raza,1989-1995,9,15,8,8,0,0,8,Pakistan
Alimuddin,1954-1962,25,43,8,8,0,0,8,Pakistan
Shujauddin,1954-1962,19,34,8,8,0,0,8,Pakistan
Javed Burki,1960-1969,25,42,7,7,0,0,7,Pakistan
Khurram Manzoor,2009-2014,14,26,7,7,0,0,7,Pakistan
Manzoor Elahi,1984-1995,6,10,7,7,0,0,7,Pakistan
Mohammad Sami,2001-2012,36,66,7,7,0,0,7,Pakistan
Nazar Mohammad,1952-1952,5,8,7,7,0,0,7,Pakistan
Sikander Bakht,1976-1983,26,48,7,7,0,0,7,Pakistan
Wajahatullah Wasti,1999-2000,6,10,7,7,0,0,7,Pakistan
Basit Ali,1993-1995,19,35,6,6,0,0,6,Pakistan
Mohammad Ilyas,1964-1969,10,19,6,6,0,0,6,Pakistan
Nadeem Abbasi,1989-1989,3,5,6,6,0,6,0,Pakistan
Asif Masood,1969-1977,16,29,5,5,0,0,5,Pakistan
Atiq-uz-Zaman,2000-2000,1,2,5,5,0,5,0,Pakistan
Hasan Raza,1996-2005,7,13,5,5,0,0,5,Pakistan
Ijaz Butt,1959-1962,8,13,5,5,0,2,3,Pakistan
Mahmood Hussain,1952-1962,27,45,5,5,0,0,5,Pakistan
Shafqat Rana,1964-1969,5,9,5,5,0,0,5,Pakistan
Shahid Nazir,1996-2007,15,29,5,5,0,0,5,Pakistan
Wazir Mohammad,1952-1959,20,37,5,5,0,0,5,Pakistan
Zahid Fazal,1990-1995,9,16,5,5,0,0,5,Pakistan
Zulfiqar Ahmed,1952-1956,9,16,5,5,0,0,5,Pakistan
Imran Nazir,1999-2002,8,14,4,4,0,0,4,Pakistan
Khan Mohammad,1952-1958,13,22,4,4,0,0,4,Pakistan
Mohammad Akram,1995-2001,9,15,4,4,0,0,4,Pakistan
Mohammad Nazir,1969-1983,14,23,4,4,0,0,4,Pakistan
Mohsin Kamal,1984-1994,9,15,4,4,0,0,4,Pakistan
Rahat Ali,2013-2014,6,11,4,4,0,0,4,Pakistan
Rizwan-uz-Zaman,1981-1989,11,19,4,4,0,0,4,Pakistan
Shakeel Ahmed jnr,1993-1995,3,6,4,4,0,0,4,Pakistan
Talat Ali,1972-1979,10,16,4,4,0,0,4,Pakistan
Aftab Gul,1969-1971,6,11,3,3,0,0,3,Pakistan
Agha Saadat Ali,1955-1955,1,2,3,3,0,0,3,Pakistan
A D'Souza,1959-1962,6,10,3,3,0,0,3,Pakistan
Fawad Alam,2009-2009,3,6,3,3,0,0,3,Pakistan
Ijaz Ahmed jnr,1995-1995,2,4,3,3,0,0,3,Pakistan
Junaid Khan,2011-2014,16,31,3,3,0,0,3,Pakistan
Khalid Ibadulla,1964-1967,4,8,3,3,0,0,3,Pakistan
Mohammad Asif,2005-2010,23,45,3,3,0,0,3,Pakistan
Mohammad Salman,2011-2011,2,4,3,2,1,2,0,Pakistan
Naved-ul-Hasan,2004-2007,9,17,3,3,0,0,3,Pakistan
Salahuddin,1965-1969,5,9,3,3,0,0,3,Pakistan
Saleem Altaf,1967-1978,21,41,3,3,0,0,3,Pakistan
Shabbir Ahmed,2003-2005,10,19,3,3,0,0,3,Pakistan
Tahir Naqqash,1982-1985,15,27,3,3,0,0,3,Pakistan
Aamer Nazir,1993-1995,6,12,2,2,0,0,2,Pakistan
Aaqib Javed,1989-1998,22,38,2,2,0,0,2,Pakistan
Afaq Hussain,1961-1964,2,4,2,2,0,0,2,Pakistan
Ahmed Shehzad,2013-2014,3,6,2,2,0,0,2,Pakistan
Ata-ur-Rehman,1992-1996,13,23,2,2,0,0,2,Pakistan
Bazid Khan,2005-2005,1,2,2,2,0,0,2,Pakistan
Ehteshamuddin,1979-1982,5,8,2,2,0,0,2,Pakistan
Fazl-e-Akbar,1998-2004,5,8,2,2,0,0,2,Pakistan
Irfan Fazil,2000-2000,1,2,2,2,0,0,2,Pakistan
Rashid Khan,1982-1985,4,7,2,2,0,0,2,Pakistan
Saleem Jaffar,1986-1992,14,26,2,2,0,0,2,Pakistan
Shahid Israr,1976-1976,1,2,2,2,0,2,0,Pakistan
Shan Masood,2013-2013,2,3,2,2,0,0,2,Pakistan
DA Sharpe,1959-1959,3,6,2,2,0,0,2,Pakistan
Sohail Tanvir,2007-2007,2,4,2,2,0,0,2,Pakistan
Zulqarnain Haider,2010-2010,1,2,2,2,0,2,0,Pakistan
Abdul Kadir,1964-1965,4,8,1,0,1,0,0,Pakistan
Aizaz Cheema,2011-2012,7,14,1,1,0,0,1,Pakistan
Ali Naqvi,1997-1998,5,8,1,1,0,0,1,Pakistan
Azeem Hafeez,1983-1985,18,28,1,1,0,0,1,Pakistan
Haseeb Ahsan,1958-1962,12,20,1,1,0,0,1,Pakistan
Israr Ali,1952-1959,4,7,1,1,0,0,1,Pakistan
Kabir Khan,1994-1995,4,7,1,1,0,0,1,Pakistan
Liaqat Ali,1975-1978,5,7,1,1,0,0,1,Pakistan
Mohammad Ayub,2012-2012,1,2,1,1,0,0,1,Pakistan
Mohammad Farooq,1960-1965,7,11,1,1,0,0,1,Pakistan
Mohammad Hussain,1996-1998,2,3,1,1,0,0,1,Pakistan
Mohammad Ramzan,1997-1997,1,1,1,1,0,0,1,Pakistan
Mufasir-ul-Haq,1965-1965,1,2,1,1,0,0,1,Pakistan
Munir Malik,1959-1962,3,4,1,1,0,0,1,Pakistan
Nasir Jamshed,2013-2013,2,4,1,1,0,0,1,Pakistan
Niaz Ahmed,1967-1969,2,4,1,1,0,0,1,Pakistan
SF Rehman,1958-1958,1,2,1,1,0,0,1,Pakistan
Shakeel Ahmed snr,1998-1998,1,2,1,1,0,0,1,Pakistan
Tanvir Ahmed,2010-2013,5,10,1,1,0,0,1,Pakistan
Umar Amin,2010-2010,4,8,1,1,0,0,1,Pakistan
Wahab Riaz,2010-2011,7,13,1,1,0,0,1,Pakistan
Zahoor Elahi,1996-1996,2,4,1,1,0,0,1,Pakistan
Zakir Khan,1986-1989,2,4,1,1,0,0,1,Pakistan
Abdur Rauf,2009-2009,3,6,0,0,0,0,0,Pakistan
Aftab Baloch,1969-1975,2,4,0,0,0,0,0,Pakistan
Agha Zahid,1975-1975,1,2,0,0,0,0,0,Pakistan
Ali Hussain Rizvi,1997-1997,1,1,0,0,0,0,0,Pakistan
Amir Elahi,1952-1952,5,8,0,0,0,0,0,Pakistan
Anwar Hussain,1952-1952,4,6,0,0,0,0,0,Pakistan
Anwar Khan,1979-1979,1,2,0,0,0,0,0,Pakistan
Arif Butt,1964-1965,3,6,0,0,0,0,0,Pakistan
Arshad Khan,1997-2005,9,17,0,0,0,0,0,Pakistan
Ashfaq Ahmed,1993-1993,1,2,0,0,0,0,0,Pakistan
Atif Rauf,1994-1994,1,2,0,0,0,0,0,Pakistan
Azam Khan,1996-1996,1,2,0,0,0,0,0,Pakistan
Azhar Khan,1980-1980,1,2,0,0,0,0,0,Pakistan
Azmat Rana,1980-1980,1,2,0,0,0,0,0,Pakistan
Bilawal Bhatti,2013-2014,2,4,0,0,0,0,0,Pakistan
Ehsan Adil,2013-2013,1,1,0,0,0,0,0,Pakistan
Farhan Adil,2003-2003,1,2,0,0,0,0,0,Pakistan
Farooq Hamid,1964-1964,1,2,0,0,0,0,0,Pakistan
Farrukh Zaman,1976-1976,1,2,0,0,0,0,0,Pakistan
MEZ Ghazali,1954-1954,2,2,0,0,0,0,0,Pakistan
Ghulam Abbas,1967-1967,1,2,0,0,0,0,0,Pakistan
Gul Mohammad,1956-1956,1,2,0,0,0,0,0,Pakistan
Humayun Farhat,2001-2001,1,1,0,0,0,0,0,Pakistan
Iftikhar Anjum,2006-2006,1,2,0,0,0,0,0,Pakistan
Ijaz Faqih,1980-1988,5,8,0,0,0,0,0,Pakistan
Jalal-ud-Din,1982-1985,6,9,0,0,0,0,0,Pakistan
Javed Akhtar,1962-1962,1,1,0,0,0,0,0,Pakistan
Khalid Hasan,1954-1954,1,1,0,0,0,0,0,Pakistan
Khalid Wazir,1954-1954,2,2,0,0,0,0,0,Pakistan
Masood Anwar,1990-1990,1,2,0,0,0,0,0,Pakistan
Miran Bakhsh,1955-1955,2,4,0,0,0,0,0,Pakistan
Mohammad Amir,2009-2010,14,27,0,0,0,0,0,Pakistan
Mohammad Aslam,1954-1954,1,1,0,0,0,0,0,Pakistan
Mohammad Irfan,2013-2013,4,6,0,0,0,0,0,Pakistan
Mohammad Khalil,2004-2005,2,4,0,0,0,0,0,Pakistan
Mohammad Munaf,1959-1962,4,8,0,0,0,0,0,Pakistan
Mohammad Talha,2009-2014,2,3,0,0,0,0,0,Pakistan
Mohammad Zahid,1996-2003,5,9,0,0,0,0,0,Pakistan
Nadeem Ghauri,1990-1990,1,1,0,0,0,0,0,Pakistan
Nadeem Khan,1993-1999,2,4,0,0,0,0,0,Pakistan
Naved Anjum,1989-1990,2,4,0,0,0,0,0,Pakistan
Naved Ashraf,1998-2000,2,4,0,0,0,0,0,Pakistan
Naved Latif,2002-2002,1,2,0,0,0,0,0,Pakistan
Qaiser Abbas,2000-2000,1,2,0,0,0,0,0,Pakistan
Riaz Afridi,2004-2004,1,2,0,0,0,0,0,Pakistan
Shafiq Ahmed,1974-1981,6,10,0,0,0,0,0,Pakistan
Shahid Mahboob,1989-1989,1,1,0,0,0,0,0,Pakistan
Shahid Mahmood,1962-1962,1,1,0,0,0,0,0,Pakistan
Shahid Saeed,1989-1989,1,2,0,0,0,0,0,Pakistan
Sohail Khan,2009-2011,2,4,0,0,0,0,0,Pakistan
Yasir Ali,2003-2003,1,2,0,0,0,0,0,Pakistan
Yasir Arafat,2007-2009,3,5,0,0,0,0,0,Pakistan
Younis Ahmed,1969-1987,4,7,0,0,0,0,0,Pakistan
Zulfiqar Babar,2013-2013,2,3,0,0,0,0,0,Pakistan
MV Boucher,1997-2012,146,279,553,530,23,530,0,South Africa
JH Kallis,1995-2013,165,313,196,196,0,0,196,South Africa
AB de Villiers,2004-2014,92,175,172,169,3,80,89,South Africa
GC Smith,2002-2014,116,223,166,166,0,0,166,South Africa
DJ Richardson,1992-1998,42,77,152,150,2,150,0,South Africa
JHB Waite,1951-1965,50,94,141,124,17,124,0,South Africa
HH Gibbs,1996-2008,90,173,94,94,0,0,94,South Africa
G Kirsten,1993-2004,101,191,83,83,0,0,83,South Africa
SM Pollock,1995-2008,108,205,72,72,0,0,72,South Africa
DJ Cullinan,1993-2001,70,130,67,67,0,0,67,South Africa
HM Amla,2004-2014,76,145,60,60,0,0,60,South Africa
DT Lindsay,1963-1970,19,36,59,57,2,54,3,South Africa
B Mitchell,1929-1949,42,71,56,56,0,0,56,South Africa
ND McKenzie,2000-2009,58,111,54,54,0,0,54,South Africa
HB Cameron,1927-1935,26,45,51,39,12,39,0,South Africa
BM McMillan,1992-1998,38,70,49,49,0,0,49,South Africa
TL Goddard,1955-1970,41,77,48,48,0,0,48,South Africa
AG Prince,2002-2011,66,124,47,47,0,0,47,South Africa
AW Nourse,1902-1924,45,78,43,43,0,0,43,South Africa
WR Endean,1951-1958,28,52,41,41,0,3,38,South Africa
AC Hudson,1992-1998,35,63,36,36,0,0,36,South Africa
PW Sherwell,1906-1911,13,24,36,20,16,20,0,South Africa
EJ Barlow,1961-1970,30,58,35,35,0,0,35,South Africa
L Klusener,1996-2004,49,92,34,34,0,0,34,South Africa
JN Rhodes,1992-2000,52,96,34,34,0,0,34,South Africa
WJ Cronje,1992-2000,68,128,33,33,0,0,33,South Africa
TA Ward,1912-1924,23,37,32,19,13,19,0,South Africa
PR Adams,1995-2004,45,85,29,29,0,0,29,South Africa
JA Rudolph,2003-2012,48,92,29,29,0,0,29,South Africa
HH Dippenaar,1999-2007,38,72,27,27,0,0,27,South Africa
CL Vincent,1927-1935,25,43,27,27,0,0,27,South Africa
HJ Tayfield,1949-1960,37,67,26,26,0,0,26,South Africa
M Ntini,1998-2009,101,192,25,25,0,0,25,South Africa
AN Petersen,2010-2014,30,57,24,24,0,0,24,South Africa
SJ Snooke,1906-1923,26,47,24,24,0,0,24,South Africa
RA McLean,1951-1964,40,72,23,23,0,0,23,South Africa
GA Faulkner,1906-1924,25,44,20,20,0,0,20,South Africa
AEE Vogler,1906-1911,15,28,20,20,0,0,20,South Africa
DW Steyn,2004-2014,72,137,19,19,0,0,19,South Africa
HW Taylor,1912-1932,42,69,19,19,0,0,19,South Africa
N Boje,2000-2006,43,80,18,18,0,0,18,South Africa
AA Donald,1992-2002,72,134,18,18,0,0,18,South Africa
DJ McGlew,1951-1962,34,63,18,18,0,0,18,South Africa
RO Schwarz,1906-1912,20,36,18,18,0,0,18,South Africa
JP Duminy,2008-2014,24,45,17,17,0,0,17,South Africa
RG Pollock,1963-1970,23,44,17,17,0,0,17,South Africa
WW Wade,1938-1950,11,18,17,15,2,15,0,South Africa
AJ Hall,2002-2007,21,39,16,16,0,0,16,South Africa
PL Harris,2007-2011,37,69,16,16,0,0,16,South Africa
A Nel,2001-2008,36,69,16,16,0,0,16,South Africa
PNF Mansell,1951-1955,13,24,15,15,0,0,15,South Africa
M Morkel,2006-2014,56,106,14,14,0,0,14,South Africa
EAB Rowan,1935-1951,26,43,14,14,0,0,14,South Africa
CB van Ryneveld,1951-1958,19,35,14,14,0,0,14,South Africa
HD Bromfield,1961-1965,9,18,13,13,0,0,13,South Africa
JE Cheetham,1949-1955,24,43,13,13,0,0,13,South Africa
DPB Morkel,1927-1932,16,28,13,13,0,0,13,South Africa
RH Catterall,1922-1931,24,41,12,12,0,0,12,South Africa
GM Fullerton,1947-1951,7,13,12,10,2,6,4,South Africa
EA Halliwell,1892-1902,8,13,12,10,2,10,0,South Africa
AD Nourse,1935-1951,34,57,12,12,0,0,12,South Africa
JC Watkins,1949-1957,15,28,12,12,0,0,12,South Africa
KC Wessels,1992-1994,16,29,12,12,0,0,12,South Africa
AM Bacher,1996-1999,19,35,11,11,0,0,11,South Africa
PS de Villiers,1993-1998,18,35,11,11,0,0,11,South Africa
PL van der Merwe,1963-1967,15,30,11,11,0,0,11,South Africa
M van Jaarsveld,2002-2004,9,17,11,11,0,0,11,South Africa
A Bacher,1965-1970,12,24,10,10,0,0,10,South Africa
KC Bland,1961-1966,21,40,10,10,0,0,10,South Africa
OC Dawson,1947-1949,9,17,10,10,0,0,10,South Africa
RE Grieveson,1939-1939,2,4,10,7,3,7,0,South Africa
GC White,1906-1912,17,31,10,10,0,0,10,South Africa
JM Blanckenberg,1913-1924,18,29,9,9,0,0,9,South Africa
F du Plessis,2012-2014,14,28,9,9,0,0,9,South Africa
HJ Keith,1953-1957,8,16,9,9,0,0,9,South Africa
EP Nupen,1921-1936,17,32,9,9,0,0,9,South Africa
RJ Peterson,2003-2014,15,29,9,9,0,0,9,South Africa
PM Pollock,1961-1970,28,54,9,9,0,0,9,South Africa
JH Sinclair,1896-1911,25,46,9,9,0,0,9,South Africa
L Tuckett,1947-1949,9,17,9,9,0,0,9,South Africa
T Campbell,1910-1912,5,9,8,7,1,7,0,South Africa
HG Deane,1924-1931,17,27,8,8,0,0,8,South Africa
PS Heine,1955-1962,14,28,8,8,0,0,8,South Africa
PN Kirsten,1992-1994,12,23,8,8,0,0,8,South Africa
ACB Langton,1935-1939,15,23,8,8,0,0,8,South Africa
Q McMillan,1929-1932,13,23,8,8,0,0,8,South Africa
A Melville,1938-1949,11,20,8,8,0,0,8,South Africa
D Elgar,2012-2014,9,18,7,7,0,0,7,South Africa
KJ Funston,1952-1958,18,34,7,7,0,0,7,South Africa
HR Lance,1962-1970,13,26,7,7,0,0,7,South Africa
CB Llewellyn,1896-1912,15,26,7,7,0,0,7,South Africa
AMB Rowan,1947-1951,15,28,7,7,0,0,7,South Africa
IJ Siedle,1928-1936,18,29,7,7,0,0,7,South Africa
PHJ Trimborn,1967-1970,4,8,7,7,0,0,7,South Africa
AJ Bell,1929-1935,16,27,6,6,0,0,6,South Africa
CN McCarthy,1948-1951,15,26,6,6,0,0,6,South Africa
JT Partridge,1963-1965,11,20,6,6,0,0,6,South Africa
VD Philander,2011-2014,23,45,6,6,0,0,6,South Africa
DB Pithey,1963-1967,8,16,6,6,0,0,6,South Africa
TL Tsolekile,2004-2004,3,5,6,6,0,6,0,South Africa
XC Balaskas,1930-1939,9,14,5,5,0,0,5,South Africa
SH Curnow,1930-1932,7,11,5,5,0,0,5,South Africa
EL Dalton,1929-1939,15,26,5,5,0,0,5,South Africa
CE Eksteen,1993-2000,7,14,5,5,0,0,5,South Africa
CM Francois,1922-1923,5,10,5,5,0,0,5,South Africa
D Gamsy,1970-1970,2,4,5,5,0,5,0,South Africa
CMH Hathorn,1902-1911,12,23,5,5,0,0,5,South Africa
Imran Tahir,2011-2013,13,26,5,5,0,0,5,South Africa
JD Lindsay,1947-1947,3,6,5,4,1,4,0,South Africa
SJ Pegler,1910-1924,16,24,5,5,0,0,5,South Africa
PL Symcox,1993-1998,20,35,5,5,0,0,5,South Africa
KG Viljoen,1930-1949,27,46,5,5,0,0,5,South Africa
NAT Adcock,1953-1962,26,48,4,4,0,0,4,South Africa
MK Elgie,1961-1962,3,6,4,4,0,0,4,South Africa
AE Hall,1923-1931,7,14,4,4,0,0,4,South Africa
M Hayward,1999-2004,16,31,4,4,0,0,4,South Africa
CR Matthews,1992-1995,18,33,4,4,0,0,4,South Africa
MG Melle,1950-1953,7,12,4,4,0,0,4,South Africa
S O'Linn,1960-1961,7,13,4,4,0,0,4,South Africa
HGO Owen-Smith,1929-1929,5,9,4,4,0,0,4,South Africa
MJ Procter,1967-1970,7,14,4,4,0,0,4,South Africa
GA Rowe,1896-1902,5,8,4,4,0,0,4,South Africa
DJ Terbrugge,1998-2004,7,14,4,4,0,0,4,South Africa
AJ Traicos,1970-1970,3,6,4,4,0,0,4,South Africa
HF Wade,1935-1936,10,15,4,4,0,0,4,South Africa
JW Zulch,1910-1921,16,30,4,4,0,0,4,South Africa
M Bisset,1899-1910,3,6,3,2,1,2,0,South Africa
J Botha,2006-2010,5,10,3,3,0,0,3,South Africa
PR Carlstein,1958-1964,8,15,3,3,0,0,3,South Africa
JAJ Christy,1929-1932,10,17,3,3,0,0,3,South Africa
RJ Crisp,1935-1936,9,14,3,3,0,0,3,South Africa
CAR Duckworth,1957-1957,2,4,3,3,0,0,3,South Africa
R Dumbrill,1965-1967,5,10,3,3,0,0,3,South Africa
ERH Fuller,1953-1958,7,12,3,3,0,0,3,South Africa
PAM Hands,1913-1924,7,10,3,3,0,0,3,South Africa
GAL Hearne,1922-1924,3,5,3,3,0,0,3,South Africa
P Hutchinson,1889-1889,2,3,3,3,0,0,3,South Africa
JM Kemp,2001-2005,4,8,3,3,0,0,3,South Africa
JJ Kotze,1902-1907,3,5,3,3,0,0,3,South Africa
NBF Mann,1947-1951,19,34,3,3,0,0,3,South Africa
DJ Meintjes,1923-1923,2,4,3,3,0,0,3,South Africa
ARA Murray,1952-1954,10,18,3,3,0,0,3,South Africa
C Newberry,1913-1914,4,7,3,3,0,0,3,South Africa
ES Newson,1930-1939,3,6,3,3,0,0,3,South Africa
F Nicholson,1935-1936,4,6,3,3,0,3,0,South Africa
AJ Pithey,1957-1965,17,32,3,3,0,0,3,South Africa
RM Poore,1896-1896,3,4,3,3,0,0,3,South Africa
BA Richards,1970-1970,4,8,3,3,0,0,3,South Africa
WA Shalders,1899-1907,12,23,3,3,0,0,3,South Africa
VI Smith,1947-1957,9,16,3,3,0,0,3,South Africa
LA Stricker,1910-1912,13,24,3,3,0,0,3,South Africa
LJ Tancred,1902-1913,14,26,3,3,0,0,3,South Africa
EA van der Merwe,1929-1936,2,3,3,3,0,3,0,South Africa
KA Walter,1961-1961,2,4,3,3,0,0,3,South Africa
OE Wynne,1948-1950,6,10,3,3,0,0,3,South Africa
R Beaumont,1912-1914,5,7,2,2,0,0,2,South Africa
DW Begbie,1948-1950,5,8,2,2,0,0,2,South Africa
WH Brann,1922-1923,3,6,2,2,0,0,2,South Africa
CP Carter,1912-1924,10,16,2,2,0,0,2,South Africa
JB Commins,1994-1995,3,6,2,2,0,0,2,South Africa
RR Dower,1899-1899,1,2,2,2,0,0,2,South Africa
JH du Preez,1967-1967,2,4,2,2,0,0,2,South Africa
WS Farrer,1962-1964,6,12,2,2,0,0,2,South Africa
JP Fellows-Smith,1960-1960,4,7,2,2,0,0,2,South Africa
CG Fichardt,1892-1896,2,3,2,2,0,0,2,South Africa
RA Gleeson,1896-1896,1,2,2,2,0,0,2,South Africa
R Graham,1899-1899,2,4,2,2,0,0,2,South Africa
F Hearne,1892-1896,4,5,2,2,0,0,2,South Africa
CW Henderson,2001-2002,7,14,2,2,0,0,2,South Africa
O Henry,1992-1993,3,5,2,2,0,0,2,South Africa
BL Irvine,1970-1970,4,8,2,2,0,0,2,South Africa
RK Kleinveldt,2012-2013,4,7,2,2,0,0,2,South Africa
CK Langeveldt,2005-2006,6,11,2,2,0,0,2,South Africa
GB Lawrence,1961-1962,5,10,2,2,0,0,2,South Africa
WH Milton,1889-1892,3,4,2,2,0,0,2,South Africa
JE Pothecary,1960-1960,3,6,2,2,0,0,2,South Africa
AW Powell,1899-1899,1,2,2,2,0,0,2,South Africa
HLE Promnitz,1927-1928,2,4,2,2,0,0,2,South Africa
JB Robertson,1935-1936,3,5,2,2,0,0,2,South Africa
A Rose-Innes,1889-1889,2,3,2,2,0,0,2,South Africa
TW Routledge,1892-1896,4,5,2,2,0,0,2,South Africa
BN Schultz,1992-1997,9,15,2,2,0,0,2,South Africa
MA Seymour,1963-1970,7,12,2,2,0,0,2,South Africa
GH Shepstone,1896-1899,2,3,2,2,0,0,2,South Africa
CJE Smith,1902-1902,3,6,2,2,0,0,2,South Africa
FW Smith,1889-1896,3,4,2,2,0,2,0,South Africa
SD Snooke,1907-1907,1,2,2,2,0,0,2,South Africa
RB Stewart,1889-1889,1,2,2,2,0,0,2,South Africa
AB Tancred,1889-1889,2,3,2,2,0,0,2,South Africa
LR Tuckett,1914-1914,1,2,2,2,0,0,2,South Africa
KJ Abbott,2013-2014,2,4,1,1,0,0,1,South Africa
HD Ackerman,1998-1998,4,8,1,1,0,0,1,South Africa
JH Anderson,1902-1902,1,2,1,1,0,0,1,South Africa
HV Baumgartner,1913-1913,1,1,1,1,0,0,1,South Africa
JT Botten,1965-1965,3,6,1,1,0,0,1,South Africa
AW Briscoe,1935-1939,2,3,1,1,0,0,1,South Africa
CGD Burger,1958-1958,2,4,1,1,0,0,1,South Africa
HW Chapman,1914-1921,2,4,1,1,0,0,1,South Africa
GA Chevalier,1970-1970,1,2,1,1,0,0,1,South Africa
SK Coen,1927-1928,2,4,1,1,0,0,1,South Africa
JMM Commaille,1910-1928,12,19,1,1,0,0,1,South Africa
DP Conyngham,1923-1923,1,2,1,1,0,0,1,South Africa
AHC Cooper,1913-1913,1,1,1,1,0,0,1,South Africa
JL Cox,1913-1914,3,4,1,1,0,0,1,South Africa
M de Lange,2011-2012,2,4,1,1,0,0,1,South Africa
F de Wet,2009-2010,2,4,1,1,0,0,1,South Africa
CD Dixon,1914-1914,1,2,1,1,0,0,1,South Africa
OR Dunell,1889-1889,2,3,1,1,0,0,1,South Africa
JF du Toit,1892-1892,1,1,1,1,0,0,1,South Africa
S Elworthy,1998-2002,4,8,1,1,0,0,1,South Africa
HH Francis,1899-1899,2,4,1,1,0,0,1,South Africa
N Gordon,1938-1939,5,8,1,1,0,0,1,South Africa
CG Halse,1964-1964,3,6,1,1,0,0,1,South Africa
TA Harris,1947-1949,3,6,1,1,0,0,1,South Africa
DEJ Ironside,1953-1954,3,5,1,1,0,0,1,South Africa
SD Jack,1994-1995,2,4,1,1,0,0,1,South Africa
CL Johnson,1896-1896,1,1,1,1,0,0,1,South Africa
I Khan,2009-2009,1,2,1,1,0,0,1,South Africa
AP Kuiper,1992-1992,1,2,1,1,0,0,1,South Africa
GFJ Liebenberg,1998-1998,5,10,1,1,0,0,1,South Africa
NV Lindsay,1921-1921,1,2,1,1,0,0,1,South Africa
WVS Ling,1921-1923,6,12,1,1,0,0,1,South Africa
AH McKinnon,1960-1967,8,16,1,1,0,0,1,South Africa
J Middleton,1896-1902,6,11,1,1,0,0,1,South Africa
CH Mills,1892-1892,1,1,1,1,0,0,1,South Africa
JD Nel,1949-1957,6,10,1,1,0,0,1,South Africa
M Ngam,2000-2001,3,5,1,1,0,0,1,South Africa
AL Ochse,1928-1929,3,6,1,1,0,0,1,South Africa
JL Ontong,2002-2004,2,4,1,1,0,0,1,South Africa
AW Palm,1927-1928,1,2,1,1,0,0,1,South Africa
DC Parkin,1892-1892,1,1,1,1,0,0,1,South Africa
WD Parnell,2010-2014,4,7,1,1,0,0,1,South Africa
COC Pearse,1910-1911,3,5,1,1,0,0,1,South Africa
NA Quinn,1929-1932,12,19,1,1,0,0,1,South Africa
SV Samuelson,1910-1910,1,2,1,1,0,0,1,South Africa
AW Seccull,1896-1896,1,1,1,1,0,0,1,South Africa
RP Snell,1992-1994,5,9,1,1,0,0,1,South Africa
WRT Solomon,1899-1899,1,2,1,1,0,0,1,South Africa
PC Strydom,2000-2000,2,4,1,1,0,0,1,South Africa
MJ Susskind,1924-1924,5,5,1,1,0,0,1,South Africa
GL Tapscott,1913-1913,1,1,1,1,0,0,1,South Africa
G Thornton,1902-1902,1,2,1,1,0,0,1,South Africa
LL Tsotsobe,2010-2011,5,9,1,1,0,0,1,South Africa
PGV van der Bijl,1938-1939,5,8,1,1,0,0,1,South Africa
CH Vintcent,1889-1892,3,4,1,1,0,0,1,South Africa
C Wesley,1960-1960,3,5,1,1,0,0,1,South Africa
PL Winslow,1950-1955,5,8,1,1,0,0,1,South Africa
M Zondeki,2003-2008,6,11,1,1,0,0,1,South Africa
WH Ashley,1889-1889,1,1,0,0,0,0,0,South Africa
GF Bissett,1927-1928,4,8,0,0,0,0,0,South Africa
EG Bock,1935-1935,1,2,0,0,0,0,0,South Africa
GE Bond,1938-1938,1,2,0,0,0,0,0,South Africa
T Bosch,1992-1992,1,2,0,0,0,0,0,South Africa
LS Brown,1931-1932,2,3,0,0,0,0,0,South Africa
SF Burke,1962-1965,2,4,0,0,0,0,0,South Africa
ID Buys,1922-1922,1,2,0,0,0,0,0,South Africa
GWA Chubb,1951-1951,5,9,0,0,0,0,0,South Africa
JAK Cochran,1931-1931,1,2,0,0,0,0,0,South Africa
FJ Cook,1896-1896,1,2,0,0,0,0,0,South Africa
SJ Cook,1992-1993,3,5,0,0,0,0,0,South Africa
G Cripps,1892-1892,1,1,0,0,0,0,0,South Africa
EQ Davies,1936-1939,5,6,0,0,0,0,0,South Africa
AC Dawson,2003-2003,2,4,0,0,0,0,0,South Africa
Z de Bruyn,2004-2004,3,5,0,0,0,0,0,South Africa
Q de Kock,2014-2014,1,2,0,0,0,0,0,South Africa
RG Draper,1950-1950,2,3,0,0,0,0,0,South Africa
DV Dyer,1947-1947,3,6,0,0,0,0,0,South Africa
CE Finlason,1889-1889,1,2,0,0,0,0,0,South Africa
CE Floquet,1910-1910,1,2,0,0,0,0,0,South Africa
CN Frank,1921-1921,3,6,0,0,0,0,0,South Africa
WHB Frank,1896-1896,1,1,0,0,0,0,0,South Africa
GK Glover,1896-1896,1,1,0,0,0,0,0,South Africa
GM Griffin,1960-1960,2,3,0,0,0,0,0,South Africa
GG Hall,1965-1965,1,2,0,0,0,0,0,South Africa
RHM Hands,1914-1914,1,2,0,0,0,0,0,South Africa
MA Hanley,1949-1949,1,2,0,0,0,0,0,South Africa
GPD Hartigan,1912-1914,5,6,0,0,0,0,0,South Africa
RL Harvey,1936-1936,2,2,0,0,0,0,0,South Africa
CFW Hime,1896-1896,1,2,0,0,0,0,0,South Africa
GA Kempis,1889-1889,1,2,0,0,0,0,0,South Africa
F Kuys,1899-1899,1,2,0,0,0,0,0,South Africa
FL le Roux,1914-1914,1,2,0,0,0,0,0,South Africa
PT Lewis,1913-1913,1,1,0,0,0,0,0,South Africa
EB Lundie,1914-1914,1,2,0,0,0,0,0,South Africa
MJ Macaulay,1965-1965,1,2,0,0,0,0,0,South Africa
R McLaren,2010-2014,2,4,0,0,0,0,0,South Africa
LA Markham,1949-1949,1,2,0,0,0,0,0,South Africa
WFE Marx,1921-1921,3,6,0,0,0,0,0,South Africa
F Mitchell,1912-1912,3,4,0,0,0,0,0,South Africa
JA Morkel,2009-2009,1,2,0,0,0,0,0,South Africa
JFW Nicolson,1928-1928,3,6,0,0,0,0,0,South Africa
NO Norton,1910-1910,1,2,0,0,0,0,0,South Africa
AE Ochse,1889-1889,2,3,0,0,0,0,0,South Africa
GM Parker,1924-1924,2,2,0,0,0,0,0,South Africa
JB Plimsoll,1947-1947,1,2,0,0,0,0,0,South Africa
D Pretorius,2002-2003,4,8,0,0,0,0,0,South Africa
CFH Prince,1899-1899,1,2,0,0,0,0,0,South Africa
MW Pringle,1992-1995,4,7,0,0,0,0,0,South Africa
N Reid,1921-1921,1,2,0,0,0,0,0,South Africa
AR Richards,1896-1896,1,1,0,0,0,0,0,South Africa
WHM Richards,1889-1889,1,1,0,0,0,0,0,South Africa
MW Rushmere,1992-1992,1,2,0,0,0,0,0,South Africa
PJR Steyn,1995-1995,3,6,0,0,0,0,0,South Africa
HM Taberer,1902-1902,1,2,0,0,0,0,0,South Africa
VM Tancred,1899-1899,1,2,0,0,0,0,0,South Africa
LE Tapscott,1923-1923,2,4,0,0,0,0,0,South Africa
AI Taylor,1956-1956,1,2,0,0,0,0,0,South Africa
D Taylor,1914-1914,2,4,0,0,0,0,0,South Africa
NHCD Theunissen,1889-1889,1,1,0,0,0,0,0,South Africa
DS Tomlinson,1935-1935,1,1,0,0,0,0,0,South Africa
PS Twentyman-Jones,1902-1902,1,2,0,0,0,0,0,South Africa
GD Varnals,1964-1965,3,4,0,0,0,0,0,South Africa
RJ Westcott,1954-1958,5,8,0,0,0,0,0,South Africa
CM Willoughby,2003-2003,2,4,0,0,0,0,0,South Africa
JT Willoughby,1896-1896,2,3,0,0,0,0,0,South Africa
CS Wimble,1892-1892,1,1,0,0,0,0,0,South Africa
DPMD Jayawardene,1997-2014,143,258,194,194,0,0,194,Sri Lanka
KC Sangakkara,2000-2014,122,224,191,171,20,131,40,Sri Lanka
HAPW Jayawardene,2000-2014,55,96,147,115,32,115,0,Sri Lanka
HP Tillakaratne,1989-2004,83,141,124,122,2,33,89,Sri Lanka
RS Kaluwitharana,1992-2004,49,87,119,93,26,93,0,Sri Lanka
TM Dilshan,1999-2013,87,159,88,88,0,11,77,Sri Lanka
ST Jayasuriya,1991-2007,110,196,78,78,0,0,78,Sri Lanka
M Muralitharan,1992-2010,132,231,70,70,0,0,70,Sri Lanka
MS Atapattu,1990-2007,90,159,58,58,0,0,58,Sri Lanka
RS Mahanama,1986-1998,52,81,56,56,0,0,56,Sri Lanka
RP Arnold,1997-2004,44,77,51,51,0,0,51,Sri Lanka
A Ranatunga,1982-2000,93,148,47,47,0,0,47,Sri Lanka
TT Samaraweera,2001-2013,81,145,45,45,0,0,45,Sri Lanka
PA de Silva,1984-2002,93,149,43,43,0,0,43,Sri Lanka
SAR Silva,1983-1988,9,15,34,33,1,33,0,Sri Lanka
AP Gurusinha,1985-1996,41,66,33,33,0,2,31,Sri Lanka
WPUJC Vaas,1994-2009,111,196,31,31,0,0,31,Sri Lanka
NT Paranavitana,2009-2012,32,53,27,27,0,0,27,Sri Lanka
PB Dassanayake,1993-1994,11,14,24,19,5,19,0,Sri Lanka
RG de Alwis,1983-1988,11,14,23,21,2,21,0,Sri Lanka
AD Mathews,2009-2014,38,68,20,20,0,0,20,Sri Lanka
LD Chandimal,2011-2014,12,24,19,15,4,13,2,Sri Lanka
GP Wickramasinghe,1991-2001,40,65,18,18,0,0,18,Sri Lanka
CI Dunusinghe,1995-1995,5,9,15,13,2,13,0,Sri Lanka
HDPK Dharmasena,1993-2004,31,53,14,14,0,0,14,Sri Lanka
JK Silva,2011-2014,8,15,14,13,1,6,7,Sri Lanka
SM Warnapura,2007-2009,14,26,14,14,0,0,14,Sri Lanka
HM Goonatilleke,1982-1982,5,9,13,10,3,10,0,Sri Lanka
J Mubarak,2002-2007,10,18,13,13,0,0,13,Sri Lanka
HMRKB Herath,1999-2014,51,92,12,12,0,0,12,Sri Lanka
WU Tharanga,2005-2007,15,29,11,11,0,0,11,Sri Lanka
CRD Fernando,2000-2012,40,69,10,10,0,0,10,Sri Lanka
RS Kalpage,1993-1999,11,16,10,10,0,0,10,Sri Lanka
KR Pushpakumara,1994-2001,23,39,10,10,0,0,10,Sri Lanka
S Wettimuny,1982-1987,23,35,10,10,0,0,10,Sri Lanka
AGD Wickremasinghe,1989-1992,3,6,10,9,1,9,0,Sri Lanka
ALF de Mel,1982-1986,17,27,9,9,0,0,9,Sri Lanka
FDM Karunaratne,2012-2014,11,21,9,9,0,0,9,Sri Lanka
RS Madugalle,1982-1988,21,34,9,9,0,0,9,Sri Lanka
LRD Mendis,1982-1988,24,37,9,9,0,0,9,Sri Lanka
RJ Ratnayake,1983-1992,23,36,9,9,0,0,9,Sri Lanka
KMDN Kulasekara,2005-2013,20,38,8,8,0,0,8,Sri Lanka
UDU Chandana,1999-2005,16,30,7,7,0,0,7,Sri Lanka
UC Hathurusingha,1991-1999,26,44,7,7,0,0,7,Sri Lanka
MF Maharoof,2004-2011,22,40,7,7,0,0,7,Sri Lanka
SL Malinga,2004-2010,30,59,7,7,0,0,7,Sri Lanka
LPC Silva,2006-2008,11,21,7,7,0,0,7,Sri Lanka
RL Dias,1982-1987,20,30,6,6,0,0,6,Sri Lanka
Y Goonasekera,1983-1983,2,3,6,6,0,0,6,Sri Lanka
SMS Kaluperuma,1984-1988,4,6,6,6,0,0,6,Sri Lanka
CK Kapugedera,2006-2009,8,15,6,6,0,0,6,Sri Lanka
CPH Ramanayake,1988-1993,18,30,6,6,0,0,6,Sri Lanka
MG Vandort,2001-2008,20,39,6,6,0,0,6,Sri Lanka
AM de Silva,1993-1993,3,4,5,4,1,4,0,Sri Lanka
DS de Silva,1982-1984,12,19,5,5,0,0,5,Sri Lanka
KSC de Silva,1997-1999,8,14,5,5,0,0,5,Sri Lanka
KTGD Prasad,2008-2013,12,21,5,5,0,0,5,Sri Lanka
DP Samaraweera,1993-1995,7,9,5,5,0,0,5,Sri Lanka
SD Anurasiri,1986-1998,18,27,4,4,0,0,4,Sri Lanka
HMCM Bandara,1998-2006,8,15,4,4,0,0,4,Sri Lanka
EAR de Silva,1985-1991,10,16,4,4,0,0,4,Sri Lanka
RMS Eranga,2011-2014,11,21,4,4,0,0,4,Sri Lanka
TCB Fernando,2001-2002,9,17,4,4,0,0,4,Sri Lanka
RAS Lakmal,2010-2014,19,34,4,4,0,0,4,Sri Lanka
HDRL Thirimanne,2011-2013,10,19,4,4,0,0,4,Sri Lanka
UWMBCA Welegedara,2007-2012,20,34,4,4,0,0,4,Sri Lanka
DNT Zoysa,1997-2004,30,51,4,4,0,0,4,Sri Lanka
AMJG Amerasinghe,1984-1984,2,3,3,3,0,0,3,Sri Lanka
GF Labrooy,1986-1991,9,15,3,3,0,0,3,Sri Lanka
MDK Perera,2014-2014,3,6,3,3,0,0,3,Sri Lanka
MAR Samarasekera,1988-1991,4,6,3,3,0,0,3,Sri Lanka
T Thushara,2003-2010,10,18,3,3,0,0,3,Sri Lanka
DA Gunawardene,1999-2005,6,9,2,2,0,0,2,Sri Lanka
VB John,1983-1984,6,9,2,2,0,0,2,Sri Lanka
BR Jurangpathy,1985-1986,2,3,2,2,0,0,2,Sri Lanka
S Kalavitigoda,2005-2005,1,1,2,2,0,0,2,Sri Lanka
LWS Kaluperuma,1982-1982,2,4,2,2,0,0,2,Sri Lanka
BAW Mendis,2008-2014,18,29,2,2,0,0,2,Sri Lanka
PDRL Perera,1999-2002,8,14,2,2,0,0,2,Sri Lanka
S Ranatunga,1994-1997,9,13,2,2,0,0,2,Sri Lanka
CP Senanayake,1991-1991,3,6,2,2,0,0,2,Sri Lanka
KDK Vithanage,2013-2014,4,8,2,2,0,0,2,Sri Lanka
B Warnapura,1982-1982,4,7,2,2,0,0,2,Sri Lanka
MD Wettimuny,1983-1983,2,3,2,2,0,0,2,Sri Lanka
FS Ahangama,1985-1985,3,6,1,1,0,0,1,Sri Lanka
KN Amalean,1986-1988,2,2,1,1,0,0,1,Sri Lanka
SI de Saram,1999-2000,4,8,1,1,0,0,1,Sri Lanka
SKL de Silva,1997-1997,3,4,1,1,0,1,0,Sri Lanka
WRS de Silva,2002-2007,3,6,1,1,0,0,1,Sri Lanka
KHRK Fernando,2002-2002,2,3,1,1,0,0,1,Sri Lanka
S Randiv,2010-2012,12,21,1,1,0,0,1,Sri Lanka
DSBP Kuruppu,1987-1991,4,6,1,1,0,1,0,Sri Lanka
MKGCP Lakshitha,2002-2002,2,4,1,1,0,0,1,Sri Lanka
KS Lokuarachchi,2003-2004,4,7,1,1,0,0,1,Sri Lanka
ASA Perera,1998-2001,3,6,1,1,0,0,1,Sri Lanka
NLTC Perera,2011-2012,6,9,1,1,0,0,1,Sri Lanka
JR Ratnayeke,1982-1989,22,32,1,1,0,0,1,Sri Lanka
SMSM Senanayake,2013-2014,1,2,1,1,0,0,1,Sri Lanka
KJ Silva,1995-1998,7,12,1,1,0,0,1,Sri Lanka
RGCE Wijesuriya,1982-1985,4,6,1,1,0,0,1,Sri Lanka
MKDI Amerasinghe,2008-2008,1,2,0,0,0,0,0,Sri Lanka
MRCN Bandaratilleke,1998-2001,7,14,0,0,0,0,0,Sri Lanka
GRA de Silva,1982-1982,4,8,0,0,0,0,0,Sri Lanka
N Pradeep,2011-2014,6,12,0,0,0,0,0,Sri Lanka
ERNS Fernando,1983-1984,5,8,0,0,0,0,0,Sri Lanka
KADM Fernando,2003-2003,2,4,0,0,0,0,0,Sri Lanka
IS Gallage,1999-1999,1,2,0,0,0,0,0,Sri Lanka
RPW Guneratne,1983-1983,1,1,0,0,0,0,0,Sri Lanka
D Hettiarachchi,2001-2001,1,2,0,0,0,0,0,Sri Lanka
RSA Jayasekera,1982-1982,1,1,0,0,0,0,0,Sri Lanka
S Jeganathan,1983-1983,2,3,0,0,0,0,0,Sri Lanka
CKB Kulasekara,2011-2011,1,2,0,0,0,0,0,Sri Lanka
AK Kuruppuarachchi,1986-1987,2,3,0,0,0,0,0,Sri Lanka
DK Liyanage,1992-2001,9,15,0,0,0,0,0,Sri Lanka
MAWR Madurasinghe,1988-1992,3,5,0,0,0,0,0,Sri Lanka
MN Nawaz,2002-2002,1,2,0,0,0,0,0,Sri Lanka
RAP Nissanka,2003-2003,4,7,0,0,0,0,0,Sri Lanka
S Prasanna,2011-2011,1,1,0,0,0,0,0,Sri Lanka
AN Ranasinghe,1982-1982,2,4,0,0,0,0,0,Sri Lanka
D Ranatunga,1989-1989,2,4,0,0,0,0,0,Sri Lanka
KEA Upashantha,1999-2002,2,4,0,0,0,0,0,Sri Lanka
KPJ Warnaweera,1986-1994,10,15,0,0,0,0,0,Sri Lanka
CDUS Weerasinghe,1985-1985,1,2,0,0,0,0,0,Sri Lanka
KIW Wijegunawardene,1991-1992,2,4,0,0,0,0,0,Sri Lanka
G Wijekoon,2005-2005,2,4,0,0,0,0,0,Sri Lanka
PK Wijetunge,1993-1993,1,2,0,0,0,0,0,Sri Lanka
PJL Dujon,1981-1991,81,154,272,267,5,265,2,West Indies
RD Jacobs,1998-2004,65,122,219,207,12,207,0,West Indies
DL Murray,1963-1980,62,119,189,181,8,181,0,West Indies
BC Lara,1990-2006,130,239,164,164,0,0,164,West Indies
D Ramdin,2005-2013,56,100,161,156,5,156,0,West Indies
IVA Richards,1974-1991,121,232,122,122,0,0,122,West Indies
CL Hooper,1987-2002,102,189,115,115,0,0,115,West Indies
GS Sobers,1954-1974,93,172,109,109,0,0,109,West Indies
JR Murray,1993-2002,33,61,102,99,3,98,1,West Indies
CG Greenidge,1974-1991,108,208,96,96,0,0,96,West Indies
FCM Alexander,1957-1961,25,47,90,85,5,85,0,West Indies
CH Gayle,2000-2013,99,182,90,90,0,0,90,West Indies
CH Lloyd,1966-1985,110,209,90,90,0,0,90,West Indies
RB Richardson,1983-1995,86,164,90,90,0,0,90,West Indies
CO Browne,1995-2005,20,36,81,79,2,79,0,West Indies
DL Haynes,1978-1994,116,221,65,65,0,0,65,West Indies
DJG Sammy,2007-2013,38,68,65,65,0,0,65,West Indies
S Chanderpaul,1994-2013,153,277,64,64,0,0,64,West Indies
CL Walcott,1948-1960,44,82,64,53,11,27,26,West Indies
RC Fredericks,1968-1977,59,112,62,62,0,0,62,West Indies
DA Murray,1978-1982,19,34,62,57,5,57,0,West Indies
AL Logie,1983-1991,52,98,57,57,0,0,57,West Indies
RR Sarwan,2000-2011,87,162,53,53,0,0,53,West Indies
LR Gibbs,1958-1976,79,151,52,52,0,0,52,West Indies
AI Kallicharran,1972-1981,66,124,51,51,0,0,51,West Indies
RB Kanhai,1957-1974,79,147,50,50,0,6,44,West Indies
ED Weekes,1948-1958,48,90,49,49,0,0,49,West Indies
JC Adams,1992-2001,54,99,48,48,0,0,48,West Indies
CS Baugh,2003-2012,21,38,48,43,5,43,0,West Indies
SL Campbell,1995-2002,52,92,47,47,0,0,47,West Indies
JL Hendriks,1962-1969,20,37,47,42,5,42,0,West Indies
FMM Worrell,1948-1963,51,98,43,43,0,0,43,West Indies
J Garner,1977-1987,58,111,42,42,0,0,42,West Indies
D Williams,1992-1998,11,19,42,40,2,40,0,West Indies
DJ Bravo,2004-2010,40,71,41,41,0,0,41,West Indies
RA Harper,1983-1993,25,49,36,36,0,0,36,West Indies
WW Hinds,2000-2005,45,83,32,32,0,0,32,West Indies
D Ganga,1998-2008,48,87,30,30,0,0,30,West Indies
CA Walsh,1984-2001,132,244,29,29,0,0,29,West Indies
LN Constantine,1928-1939,18,29,28,28,0,0,28,West Indies
DS Smith,2003-2011,33,61,28,28,0,0,28,West Indies
SC Williams,1994-2002,31,53,27,27,0,0,27,West Indies
PV Simmons,1988-1997,26,48,26,26,0,0,26,West Indies
MD Marshall,1978-1991,81,153,25,25,0,0,25,West Indies
MN Samuels,2000-2013,51,96,23,23,0,0,23,West Indies
KLT Arthurton,1988-1995,33,62,22,22,0,0,22,West Indies
IM Barrow,1930-1939,11,16,22,17,5,16,1,West Indies
JDC Goddard,1948-1957,27,51,22,22,0,0,22,West Indies
MA Holding,1975-1987,60,114,22,22,0,0,22,West Indies
RJ Christiani,1948-1954,22,44,21,19,2,1,18,West Indies
TM Findlay,1969-1973,10,17,21,19,2,19,0,West Indies
SM Nurse,1960-1969,29,54,21,21,0,1,20,West Indies
RS Morton,2005-2008,15,26,20,20,0,0,20,West Indies
JB Stollmeyer,1939-1955,32,63,20,20,0,0,20,West Indies
DM Bravo,2010-2013,27,47,19,19,0,0,19,West Indies
DW Allan,1962-1966,5,10,18,15,3,15,0,West Indies
CEL Ambrose,1988-2000,98,182,18,18,0,0,18,West Indies
HA Gomes,1976-1987,60,112,18,18,0,0,18,West Indies
GE Gomez,1939-1954,29,58,18,18,0,0,18,West Indies
DAJ Holford,1966-1977,24,42,18,18,0,0,18,West Indies
KOA Powell,2011-2013,20,36,18,18,0,0,18,West Indies
SFAF Bacchus,1978-1982,19,34,17,17,0,0,17,West Indies
AP Binns,1953-1956,5,10,17,14,3,14,0,West Indies
LG Rowe,1972-1980,30,55,17,17,0,0,17,West Indies
N Deonarine,2005-2013,18,33,16,16,0,0,16,West Indies
M Dillon,1997-2004,38,69,16,16,0,0,16,West Indies
CC Griffith,1960-1969,28,52,16,16,0,0,16,West Indies
VA Holder,1969-1979,40,74,16,16,0,0,16,West Indies
CC Hunte,1958-1967,44,85,16,16,0,0,16,West Indies
BF Butcher,1958-1969,44,83,15,15,0,0,15,West Indies
GA Headley,1930-1954,22,38,14,14,0,0,14,West Indies
BD Julien,1973-1977,24,46,14,14,0,0,14,West Indies
AB Barath,2009-2012,15,27,13,13,0,0,13,West Indies
MC Carew,1963-1972,19,35,13,13,0,0,13,West Indies
RS Grant,1935-1939,7,14,13,13,0,0,13,West Indies
JS Solomon,1958-1965,27,53,13,13,0,0,13,West Indies
AL Valentine,1950-1962,36,70,13,13,0,0,13,West Indies
WKM Benjamin,1987-1995,21,38,12,12,0,0,12,West Indies
DS Atkinson,1948-1958,22,43,11,11,0,0,11,West Indies
CC Depeiaza,1955-1956,5,9,11,7,4,6,1,West Indies
KA Edwards,2011-2013,12,22,11,11,0,0,11,West Indies
W Ferguson,1948-1954,8,16,11,11,0,0,11,West Indies
SC Guillen,1951-1952,5,10,11,9,2,9,0,West Indies
WW Hall,1958-1969,48,92,11,11,0,0,11,West Indies
WW Davis,1983-1988,15,28,10,10,0,0,10,West Indies
FH Edwards,2003-2012,55,102,10,10,0,0,10,West Indies
GC Grant,1930-1935,12,18,10,10,0,0,10,West Indies
DRE Joseph,1999-1999,4,8,10,10,0,0,10,West Indies
CA McWatt,1954-1955,6,11,10,9,1,9,0,West Indies
IL Mendonca,1962-1962,2,4,10,8,2,8,0,West Indies
AF Rae,1948-1953,15,30,10,10,0,0,10,West Indies
CAK Walton,2009-2009,2,4,10,10,0,10,0,West Indies
RIC Holder,1997-1999,11,19,9,9,0,0,9,West Indies
RA Legall,1953-1953,4,8,9,8,1,8,0,West Indies
S Ramadhin,1950-1961,43,82,9,9,0,0,9,West Indies
AME Roberts,1974-1983,47,90,9,9,0,0,9,West Indies
DR Smith,2004-2006,10,18,9,9,0,0,9,West Indies
OG Smith,1955-1959,26,46,9,9,0,0,9,West Indies
PA Wallace,1997-1999,7,13,9,9,0,0,9,West Indies
CA Best,1986-1990,8,16,8,8,0,0,8,West Indies
D Bishoo,2011-2012,11,21,8,8,0,0,8,West Indies
IR Bishop,1989-1998,43,79,8,8,0,0,8,West Indies
CEH Croft,1977-1982,27,52,8,8,0,0,8,West Indies
JKC Holt,1954-1959,17,32,8,8,0,0,8,West Indies
CB Lambert,1991-1998,5,10,8,8,0,0,8,West Indies
DM Lewis,1971-1971,3,6,8,8,0,8,0,West Indies
DBL Powell,2002-2009,37,68,8,8,0,0,8,West Indies
D Ramnarine,1998-2002,12,24,8,8,0,0,8,West Indies
KAJ Roach,2009-2013,23,42,8,8,0,0,8,West Indies
RG Samuels,1996-1997,6,12,8,8,0,0,8,West Indies
Inshan Ali,1971-1977,12,23,7,7,0,0,7,West Indies
SJ Benn,2008-2010,17,29,7,7,0,0,7,West Indies
CM Christiani,1935-1935,4,8,7,6,1,6,0,West Indies
PT Collins,1999-2006,32,61,7,7,0,0,7,West Indies
GN Francis,1928-1933,10,13,7,7,0,0,7,West Indies
RO Hinds,2002-2009,15,27,7,7,0,0,7,West Indies
XM Marshall,2005-2009,7,14,7,7,0,0,7,West Indies
JED Sealy,1930-1939,11,21,7,6,1,4,2,West Indies
S Shillingford,2010-2013,14,25,7,7,0,0,7,West Indies
EE Achong,1930-1935,6,9,6,6,0,0,6,West Indies
OAC Banks,2003-2005,10,20,6,6,0,0,6,West Indies
TL Best,2003-2013,25,46,6,6,0,0,6,West Indies
CD Collymore,1999-2007,30,58,6,6,0,0,6,West Indies
AH Gray,1986-1987,5,10,6,6,0,0,6,West Indies
BP Nash,2008-2011,21,37,6,6,0,0,6,West Indies
BH Pairaudeau,1953-1957,13,25,6,6,0,0,6,West Indies
FL Reifer,1997-2009,6,12,6,6,0,0,6,West Indies
S Shivnarine,1978-1979,8,13,6,6,0,0,6,West Indies
KD Boyce,1971-1976,21,41,5,5,0,0,5,West Indies
KC Brathwaite,2011-2013,10,19,5,5,0,0,5,West Indies
CE Cuffy,1994-2002,15,26,5,5,0,0,5,West Indies
OC da Costa,1930-1935,5,7,5,5,0,0,5,West Indies
TM Dowlin,2009-2010,6,11,5,5,0,0,5,West Indies
AE Greenidge,1978-1979,6,10,5,5,0,0,5,West Indies
AFG Griffith,1997-2000,14,24,5,5,0,0,5,West Indies
EAC Hunte,1930-1930,3,6,5,5,0,5,0,West Indies
CL King,1976-1980,9,17,5,5,0,0,5,West Indies
FM King,1953-1956,14,26,5,5,0,0,5,West Indies
NAM McLean,1998-2001,19,33,5,5,0,0,5,West Indies
EDAS McMorris,1958-1966,13,25,5,5,0,0,5,West Indies
EA Martindale,1933-1939,10,17,5,5,0,0,5,West Indies
BP Patterson,1986-1992,28,54,5,5,0,0,5,West Indies
TRO Payne,1986-1986,1,2,5,5,0,5,0,West Indies
N Phillip,1978-1979,9,15,5,5,0,0,5,West Indies
CA Roach,1928-1935,16,23,5,5,0,0,5,West Indies
LMP Simmons,2009-2011,8,15,5,5,0,0,5,West Indies
CW Smith,1960-1962,5,10,5,4,1,1,3,West Indies
JE Taylor,2003-2009,29,52,5,5,0,0,5,West Indies
AB Williams,1978-1979,7,12,5,5,0,0,5,West Indies
LS Birkett,1930-1931,4,5,4,4,0,0,4,West Indies
MR Bynoe,1959-1967,4,8,4,4,0,0,4,West Indies
GS Camacho,1968-1971,11,18,4,4,0,0,4,West Indies
S Chattergoon,2008-2008,4,8,4,4,0,0,4,West Indies
WW Daniel,1976-1984,10,20,4,4,0,0,4,West Indies
CA Davis,1968-1973,15,27,4,4,0,0,4,West Indies
AB Fudadin,2012-2012,3,5,4,4,0,0,4,West Indies
R Gilchrist,1957-1959,13,23,4,4,0,0,4,West Indies
HC Griffith,1928-1933,13,18,4,4,0,0,4,West Indies
PEW Jones,1948-1951,9,18,4,4,0,0,4,West Indies
RR Jumadeen,1972-1979,12,22,4,4,0,0,4,West Indies
PD Lashley,1960-1966,4,8,4,4,0,0,4,West Indies
DR Parry,1978-1980,12,21,4,4,0,0,4,West Indies
DM Richards,2009-2010,3,6,4,4,0,0,4,West Indies
FA Rose,1997-2000,19,33,4,4,0,0,4,West Indies
A Sanford,2002-2004,11,19,4,4,0,0,4,West Indies
JN Shepherd,1969-1971,5,10,4,4,0,0,4,West Indies
RA Austin,2009-2009,2,4,3,3,0,0,3,West Indies
IDR Bradshaw,2006-2006,5,7,3,3,0,0,3,West Indies
UG Dowe,1971-1973,4,8,3,3,0,0,3,West Indies
MLC Foster,1969-1978,14,26,3,3,0,0,3,West Indies
ST Gabriel,2012-2013,6,10,3,3,0,0,3,West Indies
GA Greenidge,1972-1973,5,9,3,3,0,0,3,West Indies
CEL Jones,1930-1935,4,8,3,3,0,0,3,West Indies
SC Joseph,2004-2007,5,9,3,3,0,0,3,West Indies
JJC Lawson,2002-2005,13,26,3,3,0,0,3,West Indies
EH Mattis,1981-1981,4,8,3,3,0,0,3,West Indies
CC Passailaigue,1930-1930,1,2,3,3,0,0,3,West Indies
R Rampaul,2009-2012,18,34,3,3,0,0,3,West Indies
WV Rodriguez,1962-1968,5,10,3,3,0,0,3,West Indies
JA Small,1928-1930,3,4,3,3,0,0,3,West Indies
DM Washington,2005-2005,1,2,3,3,0,0,3,West Indies
ES Atkinson,1958-1959,8,15,2,2,0,0,2,West Indies
L Baichan,1975-1976,3,6,2,2,0,0,2,West Indies
EAE Baptiste,1983-1990,10,20,2,2,0,0,2,West Indies
EL Bartlett,1928-1931,5,7,2,2,0,0,2,West Indies
KCG Benjamin,1992-1998,26,50,2,2,0,0,2,West Indies
CG Butts,1985-1988,7,12,2,2,0,0,2,West Indies
ST Clarke,1978-1982,11,19,2,2,0,0,2,West Indies
VC Drakes,2002-2004,12,23,2,2,0,0,2,West Indies
LV Garrick,2001-2001,1,2,2,2,0,0,2,West Indies
RGA Headley,1973-1973,2,4,2,2,0,0,2,West Indies
LA King,1962-1968,2,4,2,2,0,0,2,West Indies
RD King,1999-2005,19,34,2,2,0,0,2,West Indies
NC McGarrell,2001-2001,4,8,2,2,0,0,2,West Indies
IS Madray,1958-1958,2,4,2,2,0,0,2,West Indies
FR Martin,1928-1931,9,12,2,2,0,0,2,West Indies
MV Nagamootoo,2000-2002,5,8,2,2,0,0,2,West Indies
R Nanan,1980-1980,1,2,2,2,0,0,2,West Indies
SP Narine,2012-2013,6,11,2,2,0,0,2,West Indies
JM Noreiga,1971-1971,4,7,2,2,0,0,2,West Indies
RK Nunes,1928-1930,4,5,2,2,0,1,1,West Indies
RR Ramdass,2005-2005,1,2,2,2,0,0,2,West Indies
RO Scarlett,1960-1960,3,6,2,2,0,0,2,West Indies
GC Shillingford,1969-1972,7,12,2,2,0,0,2,West Indies
CK Singh,1960-1960,2,4,2,2,0,0,2,West Indies
CEL Stuart,2000-2001,6,12,2,2,0,0,2,West Indies
J Trim,1948-1952,4,8,2,2,0,0,2,West Indies
EAV Williams,1939-1948,4,8,2,2,0,0,2,West Indies
IBA Allen,1991-1991,2,3,1,1,0,0,1,West Indies
LS Baker,2008-2009,4,7,1,1,0,0,1,West Indies
GR Breese,2002-2002,1,2,1,1,0,0,1,West Indies
CR Browne,1928-1930,4,6,1,1,0,0,1,West Indies
GM Carew,1935-1949,4,8,1,1,0,0,1,West Indies
AC Cummins,1993-1994,5,9,1,1,0,0,1,West Indies
BA Davis,1965-1965,4,7,1,1,0,0,1,West Indies
FI de Caires,1930-1930,3,6,1,1,0,0,1,West Indies
R Dhanraj,1994-1996,4,8,1,1,0,0,1,West Indies
BBM Gaskin,1948-1948,2,4,1,1,0,0,1,West Indies
GL Gibbs,1955-1955,1,2,1,1,0,0,1,West Indies
MG Grell,1930-1930,1,2,1,1,0,0,1,West Indies
ELG Hoad,1928-1933,4,5,1,1,0,0,1,West Indies
LG Hylton,1935-1939,6,12,1,1,0,0,1,West Indies
TF Johnson,1939-1939,1,2,1,1,0,0,1,West Indies
ESM Kentish,1948-1954,2,4,1,1,0,0,1,West Indies
RE Marshall,1951-1952,4,8,1,1,0,0,1,West Indies
CA Merry,1933-1933,2,2,1,1,0,0,1,West Indies
D Mohammed,2004-2006,5,10,1,1,0,0,1,West Indies
EA Moseley,1990-1990,2,4,1,1,0,0,1,West Indies
BA Parchment,2008-2008,2,3,1,1,0,0,1,West Indies
NT Pascal,2010-2010,2,2,1,1,0,0,1,West Indies
V Permaul,2012-2013,4,7,1,1,0,0,1,West Indies
NO Perry,1999-1999,4,7,1,1,0,0,1,West Indies
OJ Phillips,2009-2009,2,4,1,1,0,0,1,West Indies
RL Powell,1999-2004,2,4,1,1,0,0,1,West Indies
AD Russell,2010-2010,1,2,1,1,0,0,1,West Indies
IT Shillingford,1977-1978,4,8,1,1,0,0,1,West Indies
WH St Hill,1928-1930,3,4,1,1,0,0,1,West Indies
CD Watson,1960-1962,7,14,1,1,0,0,1,West Indies
AW White,1965-1965,2,3,1,1,0,0,1,West Indies
Imtiaz Ali,1976-1976,1,2,0,0,0,0,0,West Indies
NS Asgarali,1957-1957,2,2,0,0,0,0,0,West Indies
AG Barrett,1971-1975,6,10,0,0,0,0,0,West Indies
DE Bernard,2003-2009,3,6,0,0,0,0,0,West Indies
BJ Bess,2010-2010,1,2,0,0,0,0,0,West Indies
N Betancourt,1930-1930,1,2,0,0,0,0,0,West Indies
MI Black,2000-2002,6,10,0,0,0,0,0,West Indies
LS Butler,1955-1955,1,1,0,0,0,0,0,West Indies
FJ Cameron,1948-1949,5,10,0,0,0,0,0,West Indies
JH Cameron,1939-1939,2,4,0,0,0,0,0,West Indies
G Challenor,1928-1928,3,3,0,0,0,0,0,West Indies
HS Chang,1979-1979,1,2,0,0,0,0,0,West Indies
CB Clarke,1939-1939,3,6,0,0,0,0,0,West Indies
SS Cottrell,2013-2013,1,1,0,0,0,0,0,West Indies
DT Dewdney,1955-1958,9,16,0,0,0,0,0,West Indies
RM Edwards,1968-1969,5,9,0,0,0,0,0,West Indies
MP Fernandes,1928-1930,2,3,0,0,0,0,0,West Indies
MC Frederick,1954-1954,1,2,0,0,0,0,0,West Indies
RL Fuller,1935-1935,1,2,0,0,0,0,0,West Indies
HA Furlonge,1955-1956,3,5,0,0,0,0,0,West Indies
AG Ganteaume,1948-1948,1,2,0,0,0,0,0,West Indies
OD Gibson,1995-1999,2,4,0,0,0,0,0,West Indies
G Gladstone,1930-1930,1,2,0,0,0,0,0,West Indies
AB Howard,1972-1972,1,1,0,0,0,0,0,West Indies
AS Jaggernauth,2008-2008,1,2,0,0,0,0,0,West Indies
HHH Johnson,1948-1950,3,6,0,0,0,0,0,West Indies
RN Lewis,1997-2008,5,9,0,0,0,0,0,West Indies
NE Marshall,1955-1955,1,2,0,0,0,0,0,West Indies
NO Miller,2009-2009,1,2,0,0,0,0,0,West Indies
RC Miller,1953-1953,1,2,0,0,0,0,0,West Indies
GH Mudie,1935-1935,1,2,0,0,0,0,0,West Indies
JM Neblett,1935-1935,1,2,0,0,0,0,0,West Indies
AL Padmore,1976-1976,2,4,0,0,0,0,0,West Indies
DJ Pagon,2005-2005,2,4,0,0,0,0,0,West Indies
LR Pierre,1948-1948,1,2,0,0,0,0,0,West Indies
S Ragoonath,1999-1999,2,4,0,0,0,0,0,West Indies
KR Rickards,1948-1952,2,4,0,0,0,0,0,West Indies
AT Roberts,1956-1956,1,2,0,0,0,0,0,West Indies
LA Roberts,1999-1999,1,2,0,0,0,0,0,West Indies
AHP Scott,1953-1953,1,2,0,0,0,0,0,West Indies
OC Scott,1928-1931,8,11,0,0,0,0,0,West Indies
BJ Sealey,1933-1933,1,1,0,0,0,0,0,West Indies
MA Small,1984-1984,2,4,0,0,0,0,0,West Indies
SC Stayers,1962-1962,4,8,0,0,0,0,0,West Indies
EL St Hill,1930-1930,2,4,0,0,0,0,0,West Indies
VH Stollmeyer,1939-1939,1,2,0,0,0,0,0,West Indies
JO Taylor,1958-1959,3,5,0,0,0,0,0,West Indies
PIC Thompson,1996-1997,2,3,0,0,0,0,0,West Indies
GC Tonge,2009-2009,1,2,0,0,0,0,0,West Indies
VA Valentine,1933-1933,2,2,0,0,0,0,0,West Indies
LA Walcott,1930-1930,1,2,0,0,0,0,0,West Indies
KH Weekes,1939-1939,2,4,0,0,0,0,0,West Indies
CV Wight,1928-1930,2,3,0,0,0,0,0,West Indies
GL Wight,1953-1953,1,2,0,0,0,0,0,West Indies
CA Wiles,1933-1933,1,1,0,0,0,0,0,West Indies
ET Willett,1973-1975,5,10,0,0,0,0,0,West Indies
KL Wishart,1935-1935,1,2,0,0,0,0,0,West Indies
